1791
8192
1
8193
12289
4099
12294
11
4108
8204
15
12307
4117
12309
4118
8217
8220
4129
34
12322
4131
4132
4133
4134
12326
4139
12331
8237
12333
47
4143
48
8241
4147
53
4150
56
12346
12348
61
8257
4162
4164
8260
75
77
4173
8269
4174
12368
81
12369
4178
12374
4184
8280
12376
12377
12378
8283
12379
8284
12386
8291
102
8295
106
8302
4212
117
119
123
8315
125
127
8320
8322
131
8323
135
4231
136
139
4235
4238
143
4240
4241
4242
4243
4245
154
8347
157
8350
173
4269
8373
4283
4289
8385
196
8391
4296
4297
8395
4302
210
4311
8408
8415
228
8422
232
4328
4329
241
8436
8439
8440
249
251
257
8449
8450
8452
4358
266
8459
4364
8460
4365
4366
4369
274
8466
8471
281
8473
284
4384
4386
8485
294
8489
4396
4401
4404
4405
310
4406
4410
8507
4416
321
8514
4419
4425
330
4427
8524
333
4429
334
335
8527
4432
8528
337
4445
8541
8557
4463
8560
4465
373
8567
379
383
8575
8577
387
4483
8581
8585
8586
4492
397
4494
8590
8593
8595
405
8598
8599
410
415
417
4515
8611
8613
422
423
4522
428
429
430
4528
434
8627
8629
8630
8633
4539
8636
8638
4543
4545
4546
8646
459
464
4566
8662
8664
4571
476
4572
480
481
8673
4581
489
4586
492
497
4594
8692
8695
4600
4602
8700
4605
8701
512
8709
8715
4626
8722
537
8730
540
542
8734
4640
4645
8744
8745
4651
4652
4653
562
8755
4661
4669
8767
576
4672
8768
4673
579
4675
8771
580
584
586
4687
4694
4698
4699
4702
610
8805
616
621
4719
624
4722
8819
4727
633
4729
4731
4732
8832
651
4750
656
4753
8849
4756
8854
8863
672
674
4771
4775
686
687
4784
4788
4791
8887
697
698
4795
8892
708
8905
721
4818
8915
4820
4821
8918
8921
733
8930
8935
752
8948
8952
4857
762
4858
8956
4861
4862
770
4866
4867
772
774
8967
778
782
784
8976
8977
787
4883
8980
8981
4886
8982
791
793
8987
4893
803
804
805
806
4907
9004
813
9009
9012
4917
9017
832
9028
9029
4937
4939
9035
9036
9037
9040
9041
9045
854
856
9049
859
862
9057
866
4962
9064
879
4978
9079
888
4988
897
900
9092
9094
9095
904
9096
5002
9098
907
908
5005
912
5010
915
9119
9122
931
5027
934
935
5033
9129
938
9131
9137
5043
9139
5046
5049
5051
956
5053
5054
9152
962
963
965
968
5064
972
975
5072
9171
984
5080
985
5081
9178
5089
9186
9189
5099
9195
9200
5108
5112
1018
9210
1022
5123
1028
5128
9225
5131
9228
1037
9230
1039
1044
1045
5141
5144
1049
9246
9247
5152
1062
9254
1063
5159
9255
5162
9262
1073
5172
9268
5173
1081
5178
1083
5179
9277
5185
1091
1092
5188
5189
1096
9289
9290
1100
9294
1103
9295
5200
9296
5203
9300
1109
1110
1113
5213
1118
1121
5218
9314
9319
5229
5231
9327
1137
9330
9335
9337
1153
9345
9346
1155
1158
1160
5259
1167
1169
5265
5267
9364
5270
9366
5274
9373
1185
1186
9388
5296
9392
5297
9395
5301
9398
5305
5307
5309
5310
9406
1217
5313
5314
9410
9412
1227
9425
9428
1239
5335
5336
5337
1248
5350
1257
9449
5355
5358
9454
5365
9464
9466
1277
9470
5376
5380
5381
5389
5390
9490
1299
9493
9497
1307
9499
1311
9505
5413
5414
5416
1324
9516
5423
9519
9521
9525
9526
1335
9528
5433
1338
5441
9542
5447
1353
9550
1359
9552
5457
9555
9556
5461
9557
9559
9563
5468
9564
1375
5471
5474
9573
1384
1386
1387
9580
1390
1394
9587
1397
9593
1405
5502
1407
5504
1410
1411
5508
5509
9605
1414
9608
5514
9610
9611
1425
9618
5526
9623
1432
9628
1437
1443
9636
1445
9639
1448
1450
9646
5551
1457
5554
5560
9661
1470
5568
1473
9665
5570
5576
9672
9674
5583
5584
9684
9686
1497
5595
9691
1502
1508
1520
9717
1536
9729
5634
9730
1539
5636
9740
9749
1559
9753
5660
9760
5668
1573
5671
1579
5679
1584
9777
5685
5691
1596
9789
1598
9792
9793
5698
5699
9795
1606
1612
9807
9808
1617
1618
1620
9817
9818
5724
9823
5729
5733
5735
1641
9843
5748
1654
1658
5754
1659
9852
5759
5763
9865
5770
9868
1678
1681
9873
9875
1689
9881
5786
5788
5792
1698
9890
5795
1701
1702
1703
5800
1705
1706
9906
1715
9910
5815
1720
9912
1722
9915
5821
9919
9920
9922
9924
9927
9930
5837
1743
9935
5843
1749
5845
9942
5847
9945
5850
5852
1760
9952
5859
5860
5862
9958
5863
9962
5869
1774
9966
1775
9968
5879
1786
5883
5885
1796
1801
5897
9996
5901
5912
1818
10010
5915
10012
10016
5921
5923
5924
10023
1832
10026
5931
10030
5938
1845
10046
5952
5957
1862
10057
10058
5963
10059
5964
5966
1873
5969
5970
5971
1879
5977
10076
1886
1888
1889
5985
10081
5987
10083
10091
1900
1901
1906
10101
10103
6009
10105
10106
1916
1924
10118
10119
6025
6026
1931
10126
10128
10130
10137
6043
1950
10142
6047
6049
1957
10152
1963
1965
1966
6064
10160
10162
6067
1976
6073
10172
1981
6080
10178
10181
1990
10184
1993
10185
10189
6097
6102
10200
6106
6107
2012
2016
2018
10213
6119
6121
6124
2029
6127
10225
2034
2035
10231
6149
10245
2054
10247
10249
10250
10255
6164
6177
2084
6185
6192
6194
2100
10293
10297
6203
2111
6212
2117
10310
10311
10313
6218
10322
2131
2133
10328
2140
6237
2142
2143
6239
6242
6243
6245
10344
6249
2158
6254
2160
6257
2163
10357
6262
10359
2169
2171
10366
10368
10379
2191
10384
10385
2194
2196
2202
2203
2206
10399
6311
10411
2220
6317
2223
10418
10427
2241
10433
10434
10435
6343
6344
2252
6349
6350
6351
10448
10449
10450
2259
6360
10458
6363
2276
6372
2279
6376
6377
6379
10475
2292
10487
2296
6392
6393
2299
6398
2304
6405
2315
6415
2320
2321
2324
6420
6421
10517
6424
6425
6427
10524
2333
2335
6431
2336
6432
10532
2342
2344
10538
2349
6445
10547
10549
10550
2359
10553
10554
2363
10555
2365
10557
2369
6466
6469
10566
2375
10567
10568
10569
10572
2381
6479
6482
2390
6488
6489
6493
2401
10593
2407
2408
6506
10602
2413
6510
10606
10608
2427
2428
10621
10623
6528
10626
6534
2441
6538
2447
6547
2452
6550
10646
10648
2459
2460
2461
10653
6558
2463
10658
2468
2469
10661
10667
6577
2482
10674
2484
6580
6586
6587
10683
6589
10686
6592
2501
2502
6601
6602
2509
10701
2518
2522
10719
6624
10721
2531
6627
2532
10725
6630
10726
6631
10727
10733
10734
2543
10736
10739
10740
6646
2551
10743
10745
2556
2559
6655
2560
2562
10754
6659
6663
2577
2579
6676
6679
10780
10782
6688
10784
6689
10789
10790
2599
6704
2609
10802
10813
6721
10817
6731
2637
2640
6736
10832
6740
10836
10837
10850
6757
2662
6760
2665
6763
2670
6766
6770
2676
6772
6773
2678
2687
10882
10885
6793
6798
6799
2708
6805
2712
6808
2715
6814
6815
6816
2721
2722
6821
10920
2729
2733
6831
2737
6833
2738
2739
6837
2742
10934
10945
2756
10948
10949
10952
6857
10954
10955
10957
2767
6864
10962
6867
2772
2773
10967
10968
10970
10971
2784
10978
2787
6884
10980
2789
6887
10983
2792
10987
10989
2798
6894
2801
6898
11004
11006
6915
6917
6918
2826
11018
6923
6925
11021
2831
2834
6932
2841
6940
2845
6941
6945
11041
2851
6948
11044
11046
2858
11051
11052
2863
6962
11062
6968
2882
11076
2886
6984
2889
11083
6989
2894
2895
6991
6993
6994
11090
2899
2900
6997
2902
11094
2908
11104
7012
11112
7019
2925
7021
7022
2930
2935
2936
7033
2938
2942
11134
11136
2947
7043
7045
11143
7048
7050
2955
7053
7060
2967
7067
11164
7069
11166
7073
2981
2984
2987
2988
7088
2993
2997
7093
2999
11192
3007
7103
7107
11203
11204
11207
11211
3023
11215
11219
3030
7126
11223
3037
7133
11229
3039
7140
11236
3046
7144
7146
3052
11244
3054
3056
7155
11256
3067
11259
3076
3077
7174
11274
11278
7183
11282
7188
7190
3097
7194
11293
3103
7199
3106
7205
7206
11304
7209
7211
11307
3119
3120
3122
11314
7221
7224
3132
3136
3139
7238
3144
11344
3153
3154
3155
11350
7256
3162
3166
3172
11364
7269
7270
11371
11372
7279
11376
7281
3186
11386
11397
7302
3208
11400
7305
3212
7320
3225
3231
3237
3240
7336
3241
3242
11438
3249
7345
7346
11442
7350
7352
3257
7356
7357
3262
3263
7362
3267
11463
3274
7371
11467
11468
7373
7374
11476
11478
3288
11486
3295
7391
3297
7398
3304
3307
7405
3310
7408
7409
3315
3320
7417
3323
3326
3329
3332
7431
7439
3351
7449
11546
11552
3362
11554
11555
3365
7466
7467
11569
11571
7477
11573
7480
11576
7481
11577
7482
11580
11582
3392
7489
11585
11587
3400
7497
7498
3403
3406
7502
11598
3411
11603
11609
7515
3422
11616
3426
3430
7526
7527
3432
3433
3434
3435
3437
7536
11632
3442
3448
7546
3451
3456
7552
7553
3459
3461
7557
11653
3465
11657
3467
3468
7565
3471
7574
11672
3483
7581
7584
3491
3496
11690
7595
11691
11693
3510
3512
7609
7610
11707
7614
7616
7617
7619
11716
7621
3526
11720
7625
7631
7632
3537
7633
11729
3538
7634
11731
11733
3542
7638
11734
7639
7642
11738
3548
11740
11741
11744
3555
7652
11748
7653
11749
7655
11752
3566
7662
11759
11760
7668
11769
3578
11773
11775
7680
11776
7681
11777
11778
3589
7685
11783
3592
7691
11792
7699
7702
7703
3608
11801
3617
11809
11811
3620
7716
11814
7719
11816
3636
7732
3640
11837
7742
3649
11841
3655
11848
3660
3662
11857
11868
11871
11875
11877
7787
11884
7789
7794
11890
7795
3701
7798
7799
3707
3713
3714
3715
3720
3722
3730
3731
7830
11929
11931
11933
11940
3752
7848
3753
11945
3754
11946
3756
11952
3763
11955
11956
3766
3768
11960
7868
3773
7877
11973
11974
7880
3787
7885
3790
3791
7887
3794
3810
12002
7916
3823
12016
7928
3836
7932
7933
12037
12039
12040
12041
7948
12044
3855
12051
7960
7963
12060
7965
7970
7973
12072
3882
3884
3885
12079
3891
12088
7993
7994
3901
12100
8005
12101
12104
3919
8018
12114
12116
3926
3929
3931
3932
8030
12127
12128
3939
3942
3944
12138
3950
12142
3954
12147
3958
3960
12154
3963
8059
8060
8067
8068
8071
12170
12176
8081
12178
8085
3992
8090
8095
12192
12197
12200
4010
8110
8115
12213
12218
4029
12221
12224
4040
8136
4043
8142
8147
12246
8153
12250
8155
12256
12257
8163
12262
8167
8170
12269
4078
4080
4084
12278
8183
12281
4094
8190
11
384
1
2
98
53
69
26
11
76
398
367
