1342
4096
4100
6
4102
6153
10
8204
2061
4109
2062
8206
8210
8211
4117
22
2070
6167
4122
27
6171
4125
8222
2079
8223
8227
2085
4133
6181
8234
2092
6189
46
2094
4144
8240
4145
6197
8245
6198
8246
56
8248
2106
4154
8250
6204
6206
64
8256
65
66
4164
4165
71
75
8267
6222
4176
4178
8275
4180
8277
4183
2136
89
2137
8284
93
94
2142
4191
6239
8287
96
2145
8290
8292
2149
102
4198
8297
6251
108
110
4206
2161
4211
8308
2168
4216
6265
2170
8314
8316
4221
6269
6270
6271
8319
128
4226
6276
8326
6280
137
6285
4240
8336
8340
153
2202
2203
4251
6299
8347
6301
8349
158
4258
2214
6314
2219
8363
4269
8365
6318
175
4271
6319
176
6321
8371
181
4278
185
2233
6329
2235
190
2238
2239
194
6338
6340
198
2246
4294
199
200
4296
201
2249
204
6348
206
2254
2257
210
2259
213
4313
219
2267
6365
222
2270
228
2278
232
2280
233
4332
6380
6381
4335
6383
243
244
6390
248
2298
6394
252
2300
2302
4352
4353
6401
261
2309
263
6411
2316
269
4367
2320
274
4371
6419
2324
6422
281
2329
6428
4384
4385
6438
2344
2345
298
299
6444
2351
2353
6449
2354
2357
4407
6456
6457
315
2364
4417
2372
2375
329
6473
6475
4428
333
4430
6479
4432
6480
338
2387
4435
6484
6489
4442
6499
356
2404
6500
357
2405
6501
360
365
6514
2419
6518
2427
4477
6526
383
384
4481
4485
6534
391
6536
394
4492
6541
4495
2449
4497
4499
6548
2453
6549
2455
2456
411
6556
2461
414
2462
4510
2464
4512
6561
420
2469
422
2471
427
6571
2478
431
4529
6577
4530
6579
2484
4532
6580
4534
439
2487
6583
4536
443
448
4548
454
6603
4557
2510
4559
2512
4560
468
4564
6612
470
6614
6616
475
2524
6622
479
6623
2529
6627
6629
4588
6636
4589
2546
2547
2549
503
6647
504
6648
2553
6651
508
6656
6657
2563
4613
2567
6663
6665
522
2573
4622
2576
6673
6674
531
6675
4628
533
2582
4630
6678
6679
4632
6681
2587
6684
541
4637
543
4640
6689
4642
6691
2596
6692
2597
4645
550
6695
552
4649
554
2602
2603
556
6700
2608
6709
6711
4664
2618
4666
571
573
4669
4675
580
6725
2630
6726
584
6730
4685
2638
6734
2642
4690
595
4693
2646
2648
2649
602
6748
6753
2660
6756
2662
4713
619
4715
4716
2672
625
4724
629
2678
2680
6776
2682
635
2683
6780
4734
639
4739
644
6788
645
2693
6790
647
648
6792
4747
6798
655
2703
4752
4754
4755
660
661
4759
4760
6809
2714
6812
672
2720
2721
674
4770
4776
6825
682
4783
689
691
4787
692
2740
6836
4789
2747
6843
6847
6848
2753
706
6852
4805
710
712
2760
6856
714
2762
6858
715
2763
4814
6865
2770
723
6867
724
4821
6870
731
4828
733
2781
2783
4833
6883
741
744
4840
6890
6891
752
2803
4851
2805
6902
4855
2808
4857
6905
6906
4859
6907
6909
767
2815
6911
4866
774
2822
775
6919
776
778
779
2827
4876
2829
4877
2830
6926
784
2838
6936
2841
4891
4893
4899
6947
2853
4902
4904
809
4907
6957
6961
2866
819
2867
4917
2870
4918
6966
6967
4920
825
4922
4923
4924
4925
2879
835
4931
837
4937
4942
847
2895
2898
2901
854
855
2905
2906
859
2907
7004
864
7008
2913
866
867
4964
4966
4967
7019
876
2924
4972
883
7029
2934
7030
7033
4986
4987
4989
894
4990
895
7039
2944
897
2946
7043
4999
2953
5001
2954
5002
2955
5004
7053
910
2958
2959
2961
915
7060
7063
5017
2971
5022
7070
928
7074
2979
934
936
937
2985
938
939
2987
7083
942
5038
2991
2993
5041
2997
2998
955
3003
5054
959
3007
7103
3008
7105
3010
963
7108
965
966
970
7114
3019
5067
5068
7119
5074
979
3027
7126
988
7132
3038
7134
5087
7135
5088
5089
996
999
5095
7145
5102
1007
5104
1009
7155
7161
5114
7162
1019
3067
3068
7165
1022
5118
5123
7172
1036
7181
1039
7184
5138
5140
3094
5143
5144
7194
1051
3099
7198
7201
1060
1063
3111
7207
1064
7209
7212
5165
7214
5168
1076
3126
3127
5175
7223
5177
5186
7235
3140
5188
5189
3143
5192
1097
1102
3150
3152
5204
7253
1110
7255
1112
1114
5211
5212
7260
7261
1119
1120
1125
3173
5221
3174
3175
3177
5226
5227
5229
7278
5231
3184
5235
5236
7284
3189
7286
3191
5241
7289
1149
5246
1152
3200
1155
7300
3210
7306
1164
7308
5262
3216
5264
7313
5268
1173
3224
7323
5276
3230
1183
1184
5280
1186
5284
7332
7334
7335
1192
1195
5293
7346
7347
3254
3256
7353
7356
5309
1214
5310
1216
1222
7366
1224
5320
5323
5324
1229
7373
3280
3281
1234
5334
3288
3289
3290
5343
5345
7394
1252
1254
3303
5355
3311
7408
5364
7412
1269
7416
1273
3322
1275
5371
7419
1276
5374
5376
3329
3331
7427
3333
1286
5382
7430
3335
7431
7432
5385
7434
3340
7436
1293
1297
7441
7442
1306
5403
3357
5405
7453
7455
3362
1316
1318
3366
3367
3369
5417
5419
1324
1325
3373
5426
3379
1333
7477
1334
3383
1336
1338
1345
7489
7492
3397
5445
1352
7499
5454
7502
7509
7510
5464
5467
5469
1377
1385
7532
7533
1391
3439
7535
7540
1397
1399
5495
5496
7544
3450
3451
7550
1407
3456
7552
7553
7554
7555
3462
7560
5514
5516
3470
5519
5520
1426
1429
5525
7574
7576
5531
5534
5536
7584
5537
5538
1445
3495
3497
3498
1452
1454
1458
3509
7606
3512
7610
5564
1469
1472
7616
3521
7617
1474
5570
1476
7622
1480
3528
1481
5577
5579
7629
7630
1488
5587
1493
7638
7639
3547
3548
1502
5599
7647
3553
3555
1508
5605
3558
5606
3559
5612
3566
5614
3568
5616
5618
3572
1525
1527
5625
3578
5626
5628
7676
3581
7677
1535
5633
5635
1541
7687
5642
7691
1548
5645
1552
3600
5648
1553
7701
5655
3610
5661
3615
1569
5668
1574
5670
3623
7721
1578
1580
3629
5677
1588
7732
3637
3640
1594
7740
3645
1598
3649
3650
1603
3651
5705
5708
7759
3667
3668
1625
3674
5722
1629
5725
3678
5726
3679
1634
5731
3684
5732
5734
3688
3690
5739
1644
3692
7789
7790
5744
5745
1652
7797
1657
7803
1661
3709
7809
1666
7810
3716
3717
5766
5767
7815
5768
3724
5774
7822
5777
5779
1684
7828
3733
1690
3740
3741
5790
3743
7839
3745
5793
7841
1698
1699
1701
5800
3755
5804
5805
1712
5808
1713
1715
1716
5812
1719
3767
3768
1722
1723
5822
5823
7873
3779
1734
5831
1736
5835
1742
7886
3791
3794
5842
3797
5845
7896
1753
3801
7898
1757
5853
5856
1761
5859
5861
7912
3817
1775
7921
1780
5876
7925
1786
7931
3836
5884
1789
5885
5886
7936
7938
5894
7942
1799
3848
3849
3850
5898
1803
7948
3854
1807
7951
7953
3858
1811
3861
1814
7958
1818
5914
3867
3868
7966
3871
7969
7970
7971
5926
7974
3879
1833
3881
5930
1835
7981
1839
3892
5940
3895
7991
1848
5945
7993
3898
3899
7995
1854
3903
8003
1861
3910
8006
5961
1866
8010
3915
5967
5970
5971
3924
5972
3926
8022
5976
3929
5978
3931
8027
5980
8029
1886
8031
5985
5986
3941
8037
1894
8038
1895
1896
3947
1901
5997
1902
3950
8047
1904
6001
8052
8054
6009
1914
1915
6012
1917
1920
8064
6018
8066
3972
1925
6021
1926
8071
6024
1930
8076
6029
8078
8081
1938
8082
6036
8084
6040
6044
3997
1951
6047
8095
4002
4006
6054
6055
1962
8107
1971
4020
8116
8120
4025
6075
8124
6077
8126
4033
1987
4035
8131
6084
6086
1993
6090
1995
1996
8142
8145
4051
6099
4052
2006
6104
8152
8154
2012
6108
8158
6111
4064
4065
8161
6114
4075
4076
2030
2034
2036
4085
6133
2042
6139
8189
2046
2047
14
128
101
389
9
44
79
147
311
343
375
56
26
314
253
