369
2049
2561
514
1027
2051
1028
519
2569
2059
1036
16
2066
1043
2070
535
2071
1562
2586
539
1564
2588
2589
30
2079
1056
1062
1063
552
554
2603
1582
2094
559
2095
1584
1585
564
1589
567
1592
57
572
1596
2108
1088
577
1089
1602
2115
68
1093
2117
583
1096
2120
2124
1613
1102
2129
594
83
1107
596
1109
1622
1112
1113
2137
1627
93
1121
2145
98
613
105
1643
1134
625
1137
1649
626
1139
629
119
1143
122
1146
1147
124
1149
1663
2176
1153
133
1669
135
647
1159
2185
1163
140
652
1164
1677
142
143
655
656
1681
146
661
2197
662
1177
1178
1691
668
2205
1695
1696
673
162
674
675
1189
1190
2214
2218
171
684
175
1712
1714
2227
181
1717
694
1206
2230
1207
1208
2235
190
1728
1729
195
708
1220
1732
1733
198
1736
713
714
1226
1739
1743
2255
731
1246
2271
225
2275
740
2276
1253
1765
230
1254
1767
744
745
234
2282
749
1773
238
239
2287
753
2290
245
2294
1783
248
764
1788
1278
1794
1797
2309
263
777
2313
267
268
2317
1294
2319
786
1810
787
2328
1306
1818
2332
2333
799
2335
1825
1314
2338
291
2339
1828
2343
1320
1832
1322
1834
813
2349
1842
1331
1843
311
823
1335
824
825
1849
2361
317
2365
830
1343
1855
2369
1346
1860
2372
2373
330
1868
1357
1869
2381
337
2386
341
853
1877
855
2394
2395
1374
1887
2399
352
864
1377
867
2403
1892
359
363
876
2412
367
2416
884
1396
1399
376
888
1400
378
385
1411
2436
1414
904
1928
1929
397
1421
910
2447
1939
2455
920
1435
928
2465
1445
2470
1959
1448
1449
1963
940
1964
429
1965
432
434
1460
1461
2485
2488
441
953
2489
1466
2490
957
446
2494
450
1474
1988
2500
453
455
968
1992
1993
970
459
2507
460
1484
1485
2510
975
2512
465
2001
2513
468
1494
2007
472
984
2521
2522
1499
1500
2012
477
990
1502
1505
2529
483
996
997
998
488
1001
1513
1002
1007
2543
1521
499
2550
2039
1528
8
96
81
146
131
5
23
57
122
