133
2
1794
772
7
519
8
776
12
268
1036
1554
19
787
1812
535
793
282
1050
1308
29
797
1565
804
1060
37
40
552
297
558
1327
817
818
1078
1080
2104
313
1081
1849
1083
60
63
2111
1345
329
1611
76
77
845
1869
847
1105
850
1107
599
344
1891
1636
869
1381
1127
1130
1132
1394
1396
2164
630
1911
895
1920
642
1922
1668
2183
648
138
1933
1934
1423
657
1425
1681
1431
152
1945
1698
1699
421
679
937
1705
682
1708
1965
430
944
178
1972
1205
1719
185
1467
1725
448
451
963
1731
1221
710
1990
713
1738
203
973
206
977
2001
1234
2002
2004
1495
1500
2012
225
1000
1773
753
2034
756
502
247
251
1788
1022
10
32
114
19
99
84
7
72
138
125
47
