K best
1 0.0
2 0.0
3 0.0
4 0.0
5 0.0
6 0.0
7 0.0
8 0.0
9 0.0
10 0.0
11 0.0
12 4.416666666666666
13 4.384615384615385
14 4.357142857142858
15 4.333333333333333
16 4.3125
17 4.294117647058823
18 4.277777777777778
19 4.2105263157894735
20 4.2
21 4.190476190476191
22 4.227272727272727
23 4.217391304347826
24 4.208333333333333
25 4.24
26 4.230769230769231
27 4.2592592592592595
28 4.285714285714286
29 4.275862068965517
30 4.233333333333334
31 4.225806451612903
32 4.21875
33 4.212121212121213
34 4.1764705882352935
35 4.142857142857142
36 4.138888888888888
37 4.135135135135135
38 4.026315789473684
39 3.923076923076923
40 3.825
41 3.731707317073171
42 3.6428571428571423
43 3.558139534883721
44 3.4772727272727275
45 3.4
46 3.3260869565217392
47 3.2553191489361706
48 3.1875
49 3.1224489795918364
50 3.060000000000001
51 3.0
52 2.9423076923076925
53 2.886792452830189
54 2.8333333333333335
55 2.7818181818181817
56 2.732142857142857
57 2.6842105263157894
58 2.6379310344827585
59 2.593220338983051
60 2.5500000000000003
61 2.5081967213114753
62 2.4677419354838706
63 2.4285714285714284
64 2.390625
65 2.3538461538461544
66 2.318181818181818
67 2.2835820895522394
68 2.25
69 2.217391304347826
70 2.185714285714286
71 2.1549295774647885
72 2.125
73 2.095890410958904
74 2.0675675675675675
75 2.04
76 2.013157894736842
77 1.9870129870129871
78 1.9615384615384617
79 1.9367088607594936
80 1.9125000000000005
81 1.8888888888888886
82 1.8658536585365857
83 1.8433734939759039
84 1.8214285714285714
85 1.7999999999999998
86 1.7790697674418605
87 1.7586206896551724
88 1.7386363636363638
89 1.7191011235955054
90 1.7
91 1.6813186813186813
92 1.6630434782608696
93 1.6451612903225807
94 1.627659574468085
95 1.6105263157894736
96 1.5937499999999998
97 1.577319587628866
98 1.5612244897959182
99 1.5454545454545454
100 1.5300000000000002
101 1.514851485148515
102 1.5000000000000002
103 1.4854368932038833
104 1.4711538461538463
105 1.4571428571428575
106 1.4433962264150946
107 1.4299065420560746
108 1.4166666666666665
109 1.4036697247706422
110 1.3909090909090909
111 1.3783783783783783
112 1.3660714285714284
113 1.353982300884956
114 1.3421052631578947
115 1.3304347826086957
116 1.3189655172413792
117 1.307692307692308
118 1.2966101694915253
119 1.2857142857142858
120 1.2750000000000001
121 1.264462809917355
122 1.2540983606557377
123 1.2439024390243905
124 1.2338709677419353
125 1.2240000000000002
126 1.2142857142857142
127 1.2047244094488188
128 1.1953125
129 1.186046511627907
130 1.176923076923077
131 1.1679389312977098
132 1.1590909090909092
133 1.150375939849624
134 1.1417910447761195
135 1.1333333333333335
136 1.125
137 1.1167883211678833
138 1.1086956521739129
139 1.1007194244604315
140 1.0928571428571427
141 1.0851063829787235
142 1.0774647887323945
143 1.06993006993007
144 1.0624999999999998
145 1.0551724137931036
146 1.047945205479452
147 1.040816326530612
148 1.0337837837837838
149 1.0268456375838926
150 1.0200000000000002
151 1.0132450331125828
152 1.006578947368421
153 1.0
154 0.9935064935064936
155 0.9870967741935484
156 0.9807692307692307
157 0.9745222929936307
158 0.9683544303797468
159 0.9622641509433963
160 0.95625
161 0.9503105590062111
162 0.9444444444444444
163 0.9386503067484664
164 0.9329268292682927
165 0.9272727272727274
166 0.9216867469879518
167 0.9161676646706587
168 0.9107142857142856
169 0.9053254437869822
170 0.8999999999999999
171 0.8947368421052632
172 0.8895348837209304
173 0.8843930635838149
174 0.8793103448275863
175 0.8742857142857143
176 0.8693181818181819
177 0.864406779661017
178 0.8595505617977529
179 0.8547486033519553
180 0.8500000000000001
181 0.8453038674033149
182 0.8406593406593408
183 0.8360655737704918
184 0.8315217391304348
185 0.8270270270270271
186 0.8225806451612904
187 0.8181818181818182
188 0.8138297872340425
189 0.8095238095238094
190 0.8052631578947368
191 0.8010471204188483
192 0.7968749999999999
193 0.7927461139896375
194 0.788659793814433
195 0.7846153846153846
196 0.7806122448979591
197 0.7766497461928933
198 0.7727272727272727
199 0.7688442211055276
200 0.7650000000000001
201 0.7611940298507461
202 0.7574257425742575
203 0.7536945812807883
204 0.7500000000000001
205 0.7463414634146343
206 0.7427184466019416
207 0.7391304347826088
208 0.7355769230769232
209 0.7320574162679426
210 0.7285714285714288
211 0.7251184834123223
212 0.7216981132075471
213 0.7183098591549297
214 0.7149532710280373
215 0.7116279069767442
216 0.7083333333333334
217 0.7050691244239632
218 0.7018348623853211
219 0.6986301369863014
220 0.6954545454545453
221 0.6923076923076923
222 0.6891891891891891
223 0.6860986547085202
224 0.6830357142857142
225 0.6799999999999999
226 0.6769911504424779
227 0.6740088105726874
228 0.6710526315789473
229 0.6681222707423581
230 0.6652173913043478
231 0.6623376623376623
232 0.6594827586206896
233 0.6566523605150215
234 0.653846153846154
235 0.6510638297872341
236 0.6483050847457626
237 0.6455696202531644
238 0.6428571428571428
239 0.6401673640167365
240 0.6375
241 0.6348547717842323
242 0.6322314049586778
243 0.6296296296296297
244 0.6270491803278689
245 0.6244897959183674
246 0.6219512195121952
247 0.6194331983805668
248 0.6169354838709677
249 0.6144578313253012
250 0.6120000000000001
251 0.6095617529880477
252 0.6071428571428571
253 0.6047430830039524
254 0.6023622047244095
255 0.6
256 0.59765625
257 0.5953307392996109
258 0.5930232558139534
259 0.5907335907335908
260 0.5884615384615385
261 0.5862068965517241
262 0.583969465648855
263 0.5817490494296578
264 0.5795454545454546
265 0.5773584905660378
266 0.575187969924812
267 0.5730337078651686
268 0.5708955223880596
269 0.5687732342007434
270 0.5666666666666667
271 0.5645756457564575
272 0.5625
273 0.5604395604395604
274 0.5583941605839415
275 0.5563636363636364
276 0.5543478260869565
277 0.5523465703971119
278 0.5503597122302157
279 0.5483870967741935
280 0.5464285714285714
281 0.5444839857651245
282 0.5425531914893617
283 0.5406360424028268
284 0.5387323943661972
285 0.536842105263158
286 0.534965034965035
287 0.5331010452961672
288 0.53125
289 0.5294117647058824
290 0.5275862068965518
291 0.5257731958762887
292 0.523972602739726
293 0.5221843003412969
294 0.5204081632653061
295 0.5186440677966101
296 0.5168918918918919
297 0.5151515151515151
298 0.5134228187919463
299 0.5117056856187291
300 0.51
301 0.5083056478405316
302 0.5066225165562914
303 0.504950495049505
304 0.5032894736842105
