3978
16387
24579
8196
24580
16391
8200
24584
9
8203
24590
32782
15
32784
17
18
16403
8213
32789
24598
8215
16409
32794
34
8226
8227
32803
32805
38
8230
8238
49
16433
51
24631
56
32824
24634
8252
8253
8254
32838
72
73
24649
8268
16461
8270
24654
80
16467
24660
8277
24662
24663
32858
16476
24668
8285
94
8287
32863
32865
8291
24676
16485
24679
8298
32874
24684
8301
113
16498
16500
117
8312
121
8313
32897
32904
32908
8334
32912
16531
32917
16538
24730
24733
158
8350
162
32932
8362
32939
173
24754
32948
16569
190
8382
16574
8385
8386
195
8388
198
8390
32967
201
203
8397
24781
8400
16597
8406
16598
16603
8413
223
24804
8422
16616
24813
24814
24816
16627
245
8440
8441
16635
33019
33022
8447
16639
24832
8450
8451
260
24836
8453
8458
267
24845
272
282
16666
8475
24862
24864
33056
24865
24867
8484
297
16682
8493
24884
313
33082
24892
33084
8512
24896
321
8515
16707
8517
24901
33093
24903
333
33101
24910
335
336
16725
8535
344
347
24923
33116
33118
355
8550
8551
24937
33129
33130
363
16748
24940
24941
369
16753
24951
8569
16761
8573
16765
8576
16769
24966
8584
394
24972
16785
33181
8606
418
8611
16804
427
33203
436
33206
440
16824
25016
25021
454
8648
463
16851
25043
470
8662
8665
33241
474
25050
477
33245
33247
25058
8675
25059
25063
25064
489
33257
16875
25067
8688
8689
25073
33267
8693
8695
25080
8699
25083
8705
25089
8709
33285
519
16903
520
8712
8716
16910
33295
16912
8721
16913
33297
16914
16916
33300
8725
33301
535
33303
8728
8730
8734
33317
8742
16934
16936
25128
555
16940
557
8749
16941
558
25134
8751
16946
563
16952
16953
33340
573
8768
8771
583
25159
8781
16975
33359
33361
599
601
16985
25180
33372
16990
16992
33376
25185
615
8807
16999
620
17005
622
625
631
632
8832
33408
17026
33411
25221
33414
17032
650
651
17036
25228
33420
33421
8849
33426
8851
8856
17049
666
17054
672
8864
674
8866
675
33444
8871
8873
8875
17068
25260
8879
8881
33457
690
8883
25270
17081
17082
700
25276
8895
704
17088
706
25283
709
25290
33485
33486
17103
8913
8914
8922
25306
33501
736
25313
33511
33513
33514
33515
17133
752
17138
17140
25332
8952
763
8955
25340
33532
8959
25345
8962
25347
774
25350
33543
777
8970
17164
25356
782
783
8975
33551
785
8980
25364
790
17174
25368
793
33564
8991
17184
33570
17189
17190
808
17196
815
9010
25395
33588
17207
824
9016
17211
9021
33599
17218
9028
25413
25415
33607
840
17224
841
33611
845
846
17231
9040
850
17234
9044
853
9046
25434
9051
33632
17249
33633
9058
25442
25443
33635
17253
33637
879
9073
17265
17267
25459
33651
25461
17272
25465
17276
893
17277
25470
897
901
25477
902
17286
33672
25481
25482
17294
9103
17295
912
25489
9107
17299
25491
17304
9115
9116
25500
33698
9123
17318
939
9131
943
17330
17331
17332
25524
33716
17333
9142
955
25532
9150
33727
9157
25541
966
25545
17357
33742
17359
33743
9171
17366
986
989
9181
9186
17379
25572
25573
1002
33770
33772
33774
9201
25586
9205
33781
1017
25594
1019
9211
17405
1022
9218
33794
9223
9224
25608
1034
17419
33804
17421
17422
1042
9239
1049
1050
9242
1051
25633
9253
17447
25640
33833
9260
1069
25648
33843
33845
1083
25659
1085
33856
1090
17478
9290
1099
9292
9294
17495
33879
1115
33884
9309
33886
17504
1122
1123
1125
1127
17511
25703
33895
17515
17516
1133
33901
1134
1136
33904
17521
1138
17522
25718
33911
9337
25727
33920
33921
9346
9356
25741
17550
33939
9364
1174
25755
33947
9373
9376
33954
1192
9385
17581
9392
17584
9393
25779
1206
33974
9400
1210
1212
9405
25789
9408
9413
33994
25804
1230
33998
25809
34001
17620
9432
25816
17626
25818
9436
17629
25822
34014
9441
34018
1252
9444
1253
25829
1254
17638
1256
9449
9453
1263
1265
34039
17658
9472
34050
25862
9479
25865
25868
34061
9488
25872
25874
34066
9491
34067
25876
9493
25878
25879
34071
17689
1306
34074
17692
1313
25890
9507
17699
17703
9513
34093
25904
34096
9521
25906
9523
25909
9526
34102
17719
1340
1342
25918
17727
34111
34112
9540
17732
34116
34117
25927
34119
17736
25928
17738
25932
34124
9549
17741
17744
25937
34129
34130
34131
17751
1368
25946
25955
34154
9582
9585
17784
9595
1404
1409
25986
1412
17796
9607
25992
25993
9612
34189
1423
9616
9617
34196
34198
17819
26014
34208
26018
34213
26023
34215
1448
1449
26026
1451
17835
26027
9645
9646
26031
9650
34232
17852
1471
17857
1474
9668
1477
17862
17865
1482
1486
17870
26066
26071
34266
9692
1503
9698
9700
26086
17895
34285
34287
17904
26096
34291
9716
17908
9718
9719
17911
1529
26110
26112
34306
1539
34309
17930
26124
26125
1555
17939
9749
1558
26135
34327
17945
26137
34329
17950
34340
17958
34343
1576
26153
26156
26157
9778
9783
17977
17979
1598
9790
26174
1599
34369
34371
9798
1611
1616
1619
1622
34394
1627
34397
9822
18014
34398
9823
18015
26207
1632
18017
34401
1635
26211
18021
34407
9832
18024
9833
18026
1643
26219
1645
26227
1653
18039
1657
34427
34428
18045
9858
9859
18053
1670
26246
9863
1675
18059
1677
1680
34450
26260
18071
9880
18072
9883
9886
1698
34469
18088
26280
26283
9902
34478
9908
18102
34487
1721
26297
26298
18109
9919
26303
1728
26305
34498
9923
9926
18118
1736
9928
26315
26316
34510
1744
9936
18129
9939
26324
34516
1749
9945
9947
34525
18142
1759
26335
34530
18151
1769
26345
9963
1775
18159
34544
1779
9971
26355
18164
1782
34554
26364
18173
18174
26366
34558
9984
1795
1798
1801
34570
10000
1811
26394
26395
10016
10023
1832
34600
26410
34603
10028
10031
18223
26415
18224
26416
34609
1845
26423
1848
18243
26437
34630
18248
1866
10059
10061
10063
1876
18261
10078
26465
10082
26467
34661
34662
34663
34665
1900
34668
10094
26478
34672
10098
10101
26485
18296
18304
10113
34689
34691
34694
26503
1928
34696
10122
34703
1936
18320
18321
26513
34707
26519
26520
1946
26522
34714
34715
34716
18334
1952
1956
34730
1966
34736
18354
34739
18356
1975
18360
10169
1978
10171
26556
1981
26557
26563
18372
34761
1994
10186
34764
34768
18385
2002
18390
26582
10199
2008
2009
10204
26588
10205
34781
10207
10209
2018
34787
18404
18405
26597
10218
18410
2029
10222
18415
18417
34801
10227
18420
18422
34806
2040
10232
10238
34814
18431
26624
2049
2051
26629
10246
2057
10249
26634
26636
2062
26639
18449
2067
18454
2072
18458
26650
2076
10268
18461
18463
34849
34850
34852
26663
18472
18474
34858
18476
2094
26673
2099
2100
26676
10298
18490
34874
26683
2110
2113
18501
2119
10316
18509
26702
34895
18513
18516
18517
34901
10327
2137
10330
26720
26722
34914
2148
18532
2149
26727
18536
10345
26729
10348
2158
2160
34929
10354
2167
26743
2171
34941
18559
34943
10368
10369
18562
26756
34952
10377
18569
26762
34954
18572
2189
18578
2195
34964
2197
18583
2202
2203
18587
2204
26780
2205
18590
2209
10401
26786
2211
26787
26789
2216
26792
34984
18601
34988
26800
34992
26802
26806
2231
18616
2233
35002
35003
18621
2240
10434
18628
26821
26822
35014
2247
26824
35016
35020
35022
18643
10453
10455
35034
35035
35036
10461
18655
26848
2279
35048
18665
2282
18667
2286
10478
18670
18674
2294
10486
18679
35064
10489
10490
2305
35075
2308
26886
26887
35080
2314
18701
26899
26900
2326
10519
26903
10520
2332
10524
2333
35106
18724
2351
10544
2355
10547
18740
35125
26934
18746
10555
26939
26942
26943
10560
2370
18754
18756
26949
10567
10568
26955
10572
18764
18766
35150
2387
18771
35157
2393
26974
2399
26976
10593
35171
26983
18792
18793
35177
18800
18802
2419
2427
18812
10621
35198
35199
2434
18818
10627
2436
2437
18828
10638
27022
2447
18834
2451
18835
35220
2453
2454
18838
27030
10649
35226
27035
2460
27037
10655
18850
10659
35236
27045
10665
27049
27052
10669
27054
2480
10673
35250
18867
27062
18873
27066
2492
35262
2498
10693
2504
35273
18892
27084
18894
27090
10708
10710
27098
10718
10719
10722
10723
18917
27109
10728
18922
27114
18923
2541
10734
35310
10735
27121
35316
18933
2550
10744
18937
10747
2556
2559
35328
18951
10762
27146
10764
2574
27150
35342
27151
10775
18967
10780
35363
10788
10790
18983
10792
35368
18987
27184
35383
10813
10817
35399
2632
35402
10827
27215
35407
2640
19024
27219
10839
2654
10848
19044
10854
19047
19048
27240
19051
35435
27245
27246
10867
35443
10869
2678
27254
35446
19066
35450
2683
2684
10879
10884
19076
10885
2698
19084
35470
35473
27282
2710
10904
35481
27290
2715
19099
10908
19100
27293
10910
2723
27299
10916
2726
27302
35494
27303
2732
2736
2741
19125
10934
27323
27325
2751
27331
27332
10949
35525
27334
35526
10952
19145
35530
35536
2774
27355
10973
19165
27358
35550
19169
2786
2788
35557
10983
2792
10984
27368
10985
2794
19178
27380
2805
35579
19196
2814
11006
19198
11008
27397
19208
11017
27405
2830
19214
11024
19219
35604
19222
35607
19224
27419
35611
11037
11039
19232
11042
11044
11046
2855
11047
27431
2857
2859
19246
11065
2874
11067
11069
11071
19266
19267
19268
2885
19270
19272
35656
19276
19277
11086
35663
2897
27474
35671
35675
2909
35679
2913
19299
11111
19305
27497
19308
11120
35697
35699
19318
27510
2935
2936
35704
11129
35710
2944
11136
19329
2946
35716
11141
11142
11150
19343
2960
2962
27539
35731
2964
35732
35738
11163
27550
2979
27556
19365
35750
35754
27564
35758
35759
2995
11187
2997
35765
11192
27580
11206
27592
11211
11212
3022
3023
27599
19411
11221
3030
3031
19415
11224
27608
11225
19417
3035
11229
3038
27614
3040
35808
11233
27618
3043
19428
27622
3047
3050
27630
27632
27634
3060
19445
35829
3063
19448
27640
35832
35833
27642
3067
35835
35841
19460
19461
3079
11274
35853
3088
11281
27665
19474
35858
27667
3093
35861
35864
27673
11290
35871
3116
11309
11312
27700
3133
3135
19519
35905
19524
11334
27719
19528
3149
19536
3154
11346
3160
19547
19548
27742
27743
19555
27748
35940
19559
35943
3177
11369
27753
19563
35949
11375
3184
35952
3185
19569
19571
19574
19578
35962
11389
27775
3200
3201
27777
27780
19594
19595
3212
35980
27789
19599
35985
27794
3222
27800
11418
35995
3229
11425
36002
36005
27814
27816
19625
19628
19630
11439
19632
36018
27827
11444
11445
19639
36023
36024
3261
36030
11455
36032
11457
19650
27842
3270
19654
36039
19656
36042
27852
11469
27853
19662
27859
3284
3287
27864
19673
19674
27875
19684
11497
3306
27882
36075
3308
19692
3309
27885
11502
27890
3318
36086
36088
27902
3327
11519
36100
3333
27912
36106
3339
19723
27915
27916
11534
27919
3344
3346
27922
11539
27923
36116
27925
3357
27936
19747
19748
19749
27941
11558
19751
27946
19755
19758
3376
19761
36145
11570
19762
36146
19763
19764
27957
27958
19768
11577
19769
3386
19770
19772
27966
27969
11586
3398
11594
27978
19789
36173
27983
19792
27986
36180
11608
3417
19802
3420
27998
3426
11618
19810
28004
36199
36200
36202
3435
19826
36215
3454
3457
28034
19843
3462
11655
36231
11657
11658
3467
3469
36239
11665
28049
28050
11668
19860
3478
11671
11672
36251
19868
11677
19869
19870
3488
11682
36260
11686
28071
11692
19884
11693
3503
19887
19888
3506
28091
3517
36285
3519
19903
11713
11720
11722
28107
19920
11731
36311
19928
28124
19934
11743
36319
28143
28144
3570
28147
11766
28152
36344
28153
36347
19964
3582
19967
19979
28177
3603
11796
28181
36373
3606
19990
3611
11804
11805
11806
28190
3620
11813
11815
20015
36399
3632
3637
20023
28215
28219
36419
3652
11851
20043
28238
28239
20049
11861
20053
11862
11863
28248
36440
3676
3678
11872
20064
3681
11880
28264
20073
11883
3693
36463
36467
36469
20086
20088
36472
3706
20091
36475
36476
20093
3710
20097
28289
3714
36483
20104
36488
3721
11913
28301
36495
3728
36499
20117
11933
36509
3742
36510
36514
20132
11942
36518
3753
11946
20138
11947
36523
36525
20142
36526
20147
3766
36535
11961
20153
11962
20155
20157
11969
20161
28353
36547
36553
3786
28362
3787
11979
28364
20176
20177
11987
11988
36564
28374
28379
20193
3810
28386
36578
12005
28394
36588
20210
3830
3831
3832
36600
12025
12026
3837
12029
3840
36610
28424
36616
20234
28427
3857
28434
3859
20245
28437
12054
20247
36632
28441
28444
20256
36641
12071
36647
12075
3887
3893
3894
36662
12089
28474
36666
28478
12095
3906
3908
28487
3913
12107
20301
36687
3920
12112
28497
3922
12114
20309
36694
28504
28506
36701
28510
12128
36706
20324
20326
12136
3945
12138
28523
36716
28531
20342
28535
3961
36729
12154
28540
20349
12158
3967
3968
28544
12161
36739
36742
36745
12171
28555
28556
36753
28571
20384
28584
36776
12203
28588
12206
20398
20400
12210
4019
36788
20406
28602
28607
20419
12228
36804
36806
4040
12233
28617
36809
20427
36812
12238
4056
28634
4060
12252
12253
12254
36831
20448
36832
4066
4068
4070
12262
12264
4073
12265
12270
20463
28655
12273
20465
28659
12277
28661
28663
12280
28665
28670
4096
28673
36867
28676
20485
28678
12296
12297
12298
4107
12300
4112
20496
12305
4114
12306
36882
12309
36885
12311
12312
12317
28705
28713
12330
4139
36909
36912
4145
4147
36915
28724
4149
20533
28726
4152
20538
20539
28734
4159
4161
28737
36931
36933
28745
20558
12368
4182
36950
28759
20568
36954
20575
28767
12385
36963
12392
20584
4202
12394
20586
20591
28786
12403
28792
12409
28793
20605
36989
12414
12420
20618
37002
28812
4237
12433
28818
20627
4253
28832
12449
12450
37027
20644
37029
12454
37031
37032
12459
28843
4269
4270
12463
20655
28851
4276
12472
20664
28857
4285
12477
28863
20672
20673
37059
20679
37063
4296
4299
28876
28877
4302
20686
28882
12499
12502
4312
37081
28893
12514
28899
37091
28900
28902
12519
28904
4329
20713
12522
28907
20718
12530
37106
4340
12532
4341
12533
20726
37114
12543
4358
12550
28935
12552
12555
12556
20748
12558
20755
12567
37143
28953
12572
4384
28961
28963
37155
28966
28971
4399
37167
20784
37168
12593
28977
20787
37172
37173
4407
4409
12602
37178
37182
12607
37183
28994
12617
12619
4428
37200
4434
4438
37206
29017
12636
20828
12637
37213
37217
4454
4455
4456
4457
12649
4458
29037
12658
4468
20852
37236
4469
29046
37238
4471
12663
12664
29052
29053
4478
20863
20865
37249
12674
29058
37250
29063
29067
29068
12688
37264
29075
12694
29080
37272
20890
37274
4509
20893
29085
20894
12704
37280
37283
12711
20904
4523
4525
4527
29106
37298
29108
29109
12726
20919
37303
4537
20928
37317
37327
20946
4565
12758
20954
29146
37338
4576
29152
12769
37346
20964
20969
12785
29171
12788
20982
29174
29175
12793
37372
4609
20994
4611
4612
20997
29190
29191
12810
21005
4622
12819
37395
29207
4635
29211
29213
37408
29217
21027
37411
21028
37414
37416
4652
29228
12848
37425
21042
29234
12853
21048
37433
4667
4668
12860
12861
29246
12864
21061
4678
12871
12872
21064
4681
29259
37452
12878
12879
21071
29263
12880
29266
4691
37459
4692
21076
21078
37463
29272
4698
4699
21083
29275
4704
37472
29282
37474
37479
4712
12906
29290
37482
21102
12912
12913
12916
37492
4726
21119
4738
12930
29314
29320
4749
37519
37523
29333
12950
21142
21145
12957
4766
21158
12968
29352
4777
29354
29356
37548
29357
37553
4787
37560
37564
12989
29374
12995
12996
37573
29385
37584
21202
29394
4820
37589
21206
4826
13018
37597
4831
29410
21219
37606
37609
4842
37610
29421
21230
4847
29424
4853
21237
29430
21242
4859
21243
21248
13059
29444
4869
21253
21255
37641
4877
29457
37650
21270
21272
37657
4895
29471
13088
21283
37669
13095
21289
13099
21293
13102
4911
21295
21297
4914
37685
4921
21306
37694
13123
13125
29513
13134
29520
21331
4951
4952
29530
13147
4956
4958
29535
37728
29540
4965
37735
21352
13162
4973
4974
29550
29552
29553
21366
37752
21370
37754
13179
37758
37759
4992
13184
13185
37761
21380
13191
5000
37769
29578
13197
21390
21391
13200
21393
5011
29587
13205
29590
37784
5019
29595
13212
5023
37794
29603
37795
37796
21416
37800
5034
37802
37803
29612
5039
13232
5042
13237
29626
21435
5052
29629
37821
29631
5057
13249
21442
37828
5063
21449
13259
13261
5070
13263
13264
37842
21459
37844
29656
13273
5082
13274
13275
29659
13276
13283
21479
37866
21483
37868
5101
29677
13296
29680
37872
13298
5107
29684
21494
13303
5112
21496
21498
13312
29696
29697
37890
5124
37892
5125
13317
29703
13320
13326
5137
5139
13331
29715
37907
29716
13335
21529
21532
29725
37918
37922
13348
37926
13351
37929
5170
29749
13366
29752
21567
13378
5190
29767
13385
29770
29771
37965
5198
29774
37967
21585
37981
21599
37983
5216
29792
37988
5221
29799
21608
21609
29803
13422
13426
5235
38003
29813
21624
21626
21627
5246
38017
13445
29832
29836
29842
38034
13459
21659
21662
38048
29858
21671
38060
21678
5296
29873
21682
29875
29876
21688
21691
13502
5314
5315
38087
5322
38090
13516
38096
13521
5333
21717
38103
21722
29914
21724
29917
29920
13537
38116
13546
13550
38126
21743
21744
21745
21746
29942
5369
21754
13565
21758
13568
13571
29956
29957
38152
5387
21771
38155
5388
29971
5397
38166
29978
13596
21791
38176
13603
5415
5417
38185
21804
5421
13613
29999
13617
5426
13621
38198
5431
13628
5439
5444
30020
5445
13641
13646
13648
30035
21844
13653
13657
30042
13659
21851
21853
21854
30047
30049
21859
30051
5477
30053
30054
13672
21864
21866
30058
21869
30063
13680
5489
30072
13691
30075
21884
5506
13699
21892
21893
30085
21900
21902
21906
30099
5527
21915
5533
13727
21919
30112
5537
13737
21937
30129
21939
13748
13749
30135
30139
13756
30141
13758
30142
5571
30147
13769
5578
21967
30159
21973
5591
5592
30169
30170
5596
30173
5598
13794
5604
30186
5611
21995
21996
13807
22007
30200
22009
5627
13825
13830
5639
5640
13834
30218
30224
13842
22034
22036
13847
13848
22042
5660
30236
22045
22047
13858
5667
22053
22056
22057
22059
22061
22063
5681
5683
22071
5690
5691
13883
5694
13889
22081
30277
30279
13896
13901
22095
5713
13908
22104
5723
5724
5725
22109
30303
22117
30309
30310
30314
22124
5742
30322
22136
22139
5756
30334
30335
13953
13956
22150
5767
30343
5774
13967
5777
30355
5786
13978
30365
5791
30368
30369
13986
30370
5795
30377
30381
13998
14002
22198
30390
14007
30392
14011
22206
22208
14018
14019
14021
22214
22217
5834
14028
30419
5844
14038
14040
30424
5856
30432
14052
30438
14056
22249
5866
22257
5876
22263
14074
5884
22272
14081
14085
5895
30471
5898
30474
5900
30477
22286
5903
14102
22295
14105
14106
22300
5921
5922
22309
14137
5947
14140
22333
5957
14149
30533
30539
14161
22356
5974
22358
30550
14167
22362
14173
22379
14188
30572
22384
30579
22391
30583
30584
14215
6027
22412
14222
22415
22419
30617
30621
30626
6053
22439
14248
30637
6065
6066
14258
14260
22452
6070
6077
30656
14274
14277
30661
6087
30663
22472
6091
30671
14289
22483
22484
30678
14298
6109
14301
6113
30693
6129
6130
22517
30709
22520
6139
22524
6142
14334
30719
14339
6150
6151
30730
14348
14350
30739
30752
14369
22561
14376
30764
14382
6193
22579
6196
30778
14398
22591
6210
14404
22598
30790
14409
6219
6224
6225
22610
14419
22613
14422
30821
14440
22638
6262
22646
22654
14473
14475
22673
14482
22675
14485
22677
22678
14487
30874
6301
22685
14494
30879
14496
30881
14501
6310
6311
14506
22700
6317
22701
14510
14514
14516
14522
30907
30913
30914
14533
14535
22731
6351
30930
30932
22741
30934
14552
22744
22746
6363
30939
14556
30940
6366
30942
14559
14561
14562
14564
14566
6375
30951
6376
14571
22763
30959
22768
30963
6389
14581
30966
14588
30975
6401
30980
6407
30983
6410
6412
30989
6414
14606
30990
6415
22799
6417
14609
30993
14611
30996
14613
22805
14614
14617
31002
14620
6434
14628
6448
31024
14641
31026
31027
14647
31031
6456
6458
14650
31034
14651
31035
22846
14657
14663
22859
6476
14669
6480
22870
6488
6489
6496
31073
31075
31076
31077
22887
6506
14698
14701
31087
22896
31088
14707
14714
22907
31100
14720
6530
6532
6536
31119
22928
31120
22934
22935
22938
22943
31135
22944
22953
6573
6575
31151
14769
14771
31160
22969
6586
6587
22973
14782
22974
14784
22977
14786
22979
22988
14799
31186
6612
22996
6614
6620
23007
31201
6626
6634
6637
23023
31216
31219
6646
23035
14844
31234
31237
14860
14862
23057
6680
6682
31259
6685
31261
14896
31280
31283
31288
6713
23099
14909
23101
6720
31301
6726
14922
14924
14930
23125
6743
6745
23130
31324
6749
6750
31326
23135
31327
31328
14946
14951
6760
23145
6762
31338
31340
31342
14961
31351
6781
14973
23174
31366
31367
6794
31370
14995
6807
6810
15005
23197
6814
6819
15011
6821
23209
15018
6829
31409
31410
6841
6842
15034
31422
6851
15043
6853
31430
15049
15050
23246
23250
6867
15059
15061
31446
6873
6877
15069
31453
6878
15071
23264
15073
31459
6885
31464
6891
31467
23277
31469
31475
31476
23287
31479
23291
31483
23293
31485
15102
31489
6914
23302
15122
6932
23321
6940
31516
15133
23329
23331
15143
15145
23337
31531
6959
23343
15152
15153
15157
15160
31545
6970
6977
23361
6982
6985
23369
15178
31562
6989
23374
23375
15184
15185
15186
15192
31577
15194
31578
31582
7007
31586
23405
15214
7023
7029
7030
15229
23422
7047
15239
7051
23437
7054
31631
31634
7061
31637
15254
7063
7066
31644
15261
15264
23456
31648
7073
7075
7080
7084
31660
23471
15280
31665
15284
31669
7100
23485
7104
15296
7106
23490
23493
31685
15303
31687
31688
7114
31691
15309
7118
23502
7122
7123
31701
15322
15326
23519
7139
15331
31716
15333
31717
15335
15336
15339
7148
15344
31730
15349
15351
15352
31738
23554
23557
31749
7177
31755
15374
31760
15379
31763
23579
31773
15391
31775
31776
31777
7203
31781
7211
23599
23600
31793
15410
31794
15416
31807
15424
15431
23638
31831
15448
7259
23643
15452
31838
15455
23650
31842
31844
7271
23657
15467
15469
23661
7279
23664
31858
15481
15482
31868
15493
31880
7305
15503
7313
7316
7318
31898
23710
15519
31904
23715
31912
7340
15533
15537
7347
15539
15541
15542
23734
15545
31934
15551
23743
31935
31937
7364
7367
31943
15562
23755
31954
7382
31959
7384
7386
31963
23775
15585
15589
15600
7409
15601
7411
31990
15607
23801
23812
7440
15635
23829
7447
7451
32032
15651
32036
23849
23850
32043
7471
7472
32052
7477
7478
7479
15673
7482
7487
32063
7491
7493
32069
7494
23880
23883
7500
15692
32078
15697
23891
23893
7510
15706
15707
32091
23900
32093
23902
7519
15714
32098
15718
23912
32108
23918
15727
15729
23926
15738
7548
15744
15746
32130
15747
7558
32138
7563
32140
7565
15766
7579
15778
7595
7601
32177
23988
32185
32189
15811
24004
7621
32203
15822
15823
32209
7634
7635
24019
7637
24021
32219
24029
32221
32223
15842
32226
7653
24041
7665
15857
15861
32248
15866
32252
15875
24069
15882
15887
15895
15898
32288
24098
32290
15918
15921
24115
32313
24127
7745
7747
32324
24133
32329
7756
7758
15952
24146
24150
7770
24154
15963
32349
7774
15967
24159
7779
24163
15974
7783
24167
15977
7786
32364
32366
7793
32373
24182
7802
32378
7803
7804
32391
32398
16015
32399
24208
7826
7828
16023
24215
32409
32411
16028
24221
7838
16030
32414
7843
24234
32428
24239
16049
24241
7858
16050
16052
7861
24246
16057
24252
7872
32450
16069
32453
32454
7879
24267
16076
7887
16080
16082
24274
16085
7898
32474
24287
16098
24294
7913
32492
7917
16116
24308
32503
16123
7933
32509
32510
32517
16135
7946
16138
7950
24334
7955
24344
7963
7964
32541
16159
7968
16164
7975
32552
7979
24364
7981
24365
7982
24367
32567
24384
8002
8004
24388
16197
16198
8012
32588
24400
32595
16213
16214
16220
8035
32614
24424
16235
24428
24430
16242
24434
32626
8058
24444
32638
8070
32646
8071
8075
16268
32653
32661
24473
32667
16286
24480
24482
24483
16292
32677
16303
32687
24496
24507
32699
16316
8125
24509
32701
24510
16323
32708
16325
24517
32719
32720
24529
24530
32725
16345
16347
24539
24542
24544
24545
32742
24551
32747
8176
32754
32755
16375
24568
24572
8191
8
448
50
212
469
234
139
478
175
