7467
16386
5
32775
16392
10
16395
16402
19
32787
32788
22
25
16409
32795
32796
33
35
16423
41
32809
16426
43
32811
32812
49
16435
16437
32821
54
16440
32826
16447
16448
16451
16453
71
72
32842
32846
32850
83
32852
16471
32855
89
90
32859
16476
93
16479
98
32866
99
32867
32869
105
109
16493
16494
32880
115
32883
16500
16502
32890
125
32900
32902
16522
32907
16524
141
16527
32912
145
32913
16530
147
32916
16533
16534
32923
32931
164
170
32938
32940
175
177
178
32947
32949
32951
184
32956
16575
16576
32963
32964
198
200
201
202
16586
32971
32972
205
207
209
32980
16597
32981
214
16598
215
16599
218
219
16603
220
32988
221
225
32999
33005
33007
33009
33013
16631
33015
33018
16636
253
16637
254
16639
16640
33024
33027
261
33029
16646
263
16647
16650
33034
16652
33036
269
16660
33046
33049
283
33052
285
16669
16670
33054
16675
293
294
296
33064
297
16681
298
300
16684
16685
303
33073
306
16690
308
16695
312
318
322
16706
33090
16708
16710
33095
329
33098
33100
16717
33101
33103
16721
33106
339
341
33110
33111
16728
33114
33116
351
33120
16744
362
16747
33132
369
33137
370
33141
379
16767
384
16771
33155
16779
33163
396
16780
16781
402
16788
33173
33175
33178
412
33184
421
422
426
427
16814
33199
33201
435
436
16820
33205
16822
33207
440
16827
16828
16834
33218
33221
458
33226
33227
462
33230
16848
33234
33241
478
482
33252
485
486
16879
33263
501
502
16896
514
517
16901
519
16907
33295
16912
16916
33307
541
542
543
16929
16932
33317
33318
16937
16939
556
16942
33326
563
564
33333
568
33337
16956
573
33343
577
16961
33347
33356
16973
592
16977
33361
33363
33364
16981
33365
602
16987
16990
33375
609
610
17000
33388
622
33390
17007
33393
17011
17014
33400
634
635
33403
33407
641
17028
646
648
17033
33421
33423
33425
33426
33429
662
17049
666
33434
669
33438
673
33441
33442
675
17059
17062
679
33448
33453
17070
688
689
33459
692
17076
697
17082
699
700
701
702
17087
33473
708
33476
33477
17095
17097
17099
17107
726
33494
33495
17113
17114
731
732
735
737
33512
33513
17132
33517
17135
753
33523
17141
17142
33528
763
769
17154
33541
774
775
17159
17162
33546
779
33549
33550
17175
17177
33563
33567
33568
17186
33571
33575
33577
17194
33582
817
33593
829
17214
831
33599
17216
17217
836
840
17227
33611
17228
17229
17231
850
17236
33620
33622
855
17243
33628
33629
17247
17249
33633
33634
868
17252
17255
33640
17257
878
880
33648
17265
882
17266
33650
883
17275
33660
17277
33661
898
17286
33670
33673
17294
17295
17296
17297
914
33684
33685
33689
923
17307
33691
924
33697
33699
934
17322
33707
17326
944
33712
945
33713
17339
33723
33724
957
17341
33726
17343
17344
961
33733
17357
17358
17360
977
33745
17362
979
17363
33752
992
17377
17379
996
33764
17381
1000
1002
17389
17390
33774
17391
17392
17393
1011
17396
33780
33782
17399
33787
1020
33789
1023
1028
1030
1038
17422
1041
33809
17428
1053
33821
17438
33822
33823
33824
1057
17441
17453
33840
17457
33845
1079
17466
1085
17469
33853
1088
33859
1100
1108
17493
1110
33879
17499
1116
1121
1123
33892
1128
33901
17518
1136
33906
1141
33909
1145
33913
33916
17533
17541
1162
17548
1166
1167
1169
33941
1180
1182
17567
17569
33953
17576
33965
1198
33967
1200
17586
1203
1207
17593
33977
33982
1215
17600
33987
1223
1229
17614
34000
34001
17620
1243
17628
17632
1249
34020
34021
17638
17642
1259
34027
34036
17654
1277
1278
34048
34051
34055
34057
17675
1293
17680
17683
34073
34075
1311
1312
1313
1315
34083
1316
34084
17702
34086
1326
34098
34099
1332
17718
17720
17722
17723
34110
1343
17727
1350
17734
34118
34119
34120
1356
34126
1364
34133
1367
34140
1374
17758
1375
1379
1383
34152
17770
34154
34155
34156
17774
1399
17783
34169
17788
1406
17791
1408
1412
34182
1415
34183
1421
17806
34192
17809
17813
1434
1440
34208
17827
1444
17830
1451
1455
17840
34225
1459
17843
1462
1463
17848
34234
17851
17852
34236
17854
17856
1474
34245
1478
17863
34248
1481
34250
1483
1485
34254
34257
1492
17878
17879
34263
17880
17881
1499
34267
17885
34270
17887
17891
34275
17892
34277
1511
1515
1516
17900
17903
1520
34289
17906
34290
1523
17907
17908
1526
17910
34304
1537
1540
17924
17926
34312
34317
1552
1553
34325
34326
17944
1562
34333
1567
17954
1572
17958
34342
1575
17961
34349
17966
34350
17967
1584
17968
1586
1590
1591
34359
17977
34361
17978
17980
17982
34368
34373
17990
17991
1608
1609
34378
1611
17995
1612
17996
1614
34382
34383
1618
34388
18007
18011
1633
34401
34402
1636
18022
1643
34412
18030
34414
34415
18033
34418
18036
18037
18041
34426
34427
1660
1662
18046
34430
18050
34434
34435
18055
34440
18058
18064
18065
34449
18069
1686
1689
34458
1691
18075
1693
34462
18081
1698
18082
18084
34468
34473
18091
34475
1712
18096
1713
18098
1715
34484
34486
18107
34492
1727
1734
1736
18120
34504
1737
18121
34505
18123
18124
18125
1745
34514
18131
34515
1758
1766
34534
18151
1769
18153
18154
18155
34542
1775
1776
34544
18161
34547
1780
18169
34555
34556
34557
34559
18176
18177
18180
34564
18182
1799
18183
1801
34569
1810
34579
18199
1816
1818
18203
18205
34595
1828
1829
18214
1831
34600
18219
34603
18220
18221
34605
1838
1839
34608
1842
1843
18230
18232
1850
1851
1852
34621
18238
1859
34628
34631
18249
34636
1869
18253
34641
18261
34648
34650
18268
34652
1886
18271
34657
34663
18281
1899
34667
34670
18290
34677
18295
1913
34682
1916
18300
18301
34685
1919
18303
18306
34690
1924
34692
18310
34696
18314
18317
34702
18320
18321
34705
1939
34712
1945
18330
1949
1950
34718
34721
34722
34726
34732
18352
1972
1974
1976
34744
18362
18364
1983
18369
18371
18375
1992
1994
18378
18379
34763
34764
34766
2001
2003
18388
34772
18389
34773
34775
34781
2015
2018
2019
18406
18412
34796
18415
34801
2039
2040
34809
2042
18426
34810
18432
2051
18436
34820
34821
2057
2058
34827
2061
34829
2064
2066
34835
18452
34837
2071
2072
18461
34846
34848
34853
18471
34858
34859
18476
2095
18479
18482
2100
34868
2104
2105
34875
34877
2110
34880
34881
34882
18500
18503
18504
34888
34890
18507
2124
34892
2126
34896
2136
18522
34915
2157
34926
18543
18544
2163
34934
34935
2170
2172
34941
2175
34943
34948
34950
2183
34956
2189
2190
2192
18577
2194
2195
18581
2199
34978
34979
34980
34986
34987
18605
18609
2230
18616
35000
35001
18618
2235
18621
2241
2242
18626
18628
35015
2249
2253
18640
35026
2265
2266
18653
35037
2271
2272
35042
18661
18662
18666
35050
18667
18670
2292
18677
35062
2295
2296
18683
18686
35076
18693
18694
18695
2312
18696
18698
18699
35083
18701
35087
2325
18709
35095
35096
35098
18723
2343
2348
18732
18734
18735
2354
18739
35124
35125
35128
2365
18751
2369
18754
35140
18758
2378
35148
2382
18770
35158
2395
18779
18784
35168
2403
2408
35179
2412
2414
18798
2415
35183
35184
18802
35186
35188
2422
35193
18811
2428
18814
2432
18818
35202
35207
2442
2443
18827
2447
18833
35217
2456
2461
2463
35231
35233
2466
2469
35237
18857
18858
35242
2475
2476
35244
35246
18865
35251
2486
18872
18875
2492
18882
2499
18883
35267
2503
18888
18890
18894
35283
2517
2518
2522
35290
18907
18912
2529
18913
35297
35300
18918
35302
35303
35307
2544
35312
35313
18932
18937
35322
18942
35327
2561
18945
35336
2570
35343
18963
2584
35353
2587
18973
2594
18978
35363
35365
2600
18988
2607
18993
18996
35381
2615
18999
35388
35392
35394
2631
19019
19020
35404
2639
19023
19024
35408
19026
35412
2645
35418
2651
19040
19043
35427
35435
19054
2671
35439
2673
35441
35444
19061
35446
2680
35450
19076
19079
19082
2703
19088
35475
2708
2710
35478
19102
2721
2723
35493
19110
2727
19112
19118
19119
35505
35506
2739
2740
35509
2742
19126
2743
19127
2750
19134
2757
2758
19145
2764
35534
19156
19159
19160
35544
35545
2780
19164
19166
35552
19170
35558
35562
2797
19182
2799
2802
35572
2807
2813
2814
35582
19199
2817
2821
35589
2822
2825
35593
2826
2828
2831
19215
2836
19223
2841
35611
19230
19232
2850
2855
19245
2862
19246
2864
2865
35634
35635
35637
19254
35644
35645
35647
2880
19265
35651
35653
2886
2888
2890
19274
35661
2895
19279
2896
19288
19289
35677
35678
2911
2913
19299
19301
35686
2920
19305
19306
35691
19311
35696
19314
35700
35701
35703
2938
35706
35708
35710
19327
35711
2945
19331
35715
2954
19339
35723
2956
35725
35726
35728
2966
19351
35736
2969
19355
2972
2973
35742
2978
19362
19369
2986
2989
35757
35759
2992
19376
2995
19382
35766
2999
19385
3002
19387
35771
35772
3007
19391
19392
3011
19398
35782
3015
19401
35785
3019
3021
19405
35791
19411
3029
19413
3030
35798
35800
3036
19420
19425
3042
19427
35814
35815
35816
35817
35818
3053
19441
35825
3061
19448
19450
35839
3078
35847
19465
35849
35853
35854
3088
3089
3090
19474
35859
35861
35862
3097
3099
19484
35868
3104
19491
3109
35877
3110
35880
19497
3118
3119
19503
35889
3123
3127
3129
35898
19516
3135
19519
3138
3148
19533
35919
3152
19536
35920
35923
19540
35924
3161
35933
35934
19551
35935
3170
35938
35940
35943
3180
35952
19572
3189
3193
3195
19579
35963
3198
19583
35967
19585
35972
35975
3212
35983
3216
19600
3219
19603
3221
19606
35992
19611
3228
19616
36002
3236
36004
36011
3244
36012
19633
36019
36024
3258
36027
19645
3263
36031
3265
36035
19656
3273
19658
3275
36043
3277
19662
19664
3281
36049
36050
36051
19669
19670
36057
19674
19683
3302
36071
36076
3310
3311
36079
36081
3314
19699
3316
19700
3319
36092
3325
36095
19712
3330
36103
19722
3340
3343
19727
36111
3345
36114
3350
3351
19736
19737
19740
3362
19746
3372
36140
3373
19759
36145
19762
36146
3379
36147
19765
36150
19768
36154
36155
36158
3391
19775
19776
36160
36163
19780
36164
36169
3403
36173
3407
36180
3419
19804
36188
3422
19808
3431
19815
3432
19817
19818
19820
36205
19822
3439
3451
36219
19836
19838
36227
3466
3471
19855
36242
3476
36248
36249
36251
19869
19877
3494
19879
36263
3496
36265
3500
3501
19885
19888
36272
3505
19889
3508
3509
3510
3513
3515
19899
3516
36291
3526
3530
36303
3537
36305
36308
3545
19933
36317
36319
3553
36321
3555
3556
3557
19941
19943
36329
36331
3565
36336
3572
19957
3579
36347
3581
19965
3582
36351
3586
19970
36358
36361
3595
36363
3596
3597
3601
19986
3604
36375
19993
3610
36381
19999
3619
3620
20006
36392
3630
3632
20019
36408
20026
36410
20029
36414
3647
20031
20034
20044
36430
20047
20049
3666
20050
36438
3673
20057
3675
20059
36444
36446
20063
36447
20064
20065
3686
3695
3696
36464
3697
20081
36466
3701
20086
36472
20089
36473
3706
20091
20093
3710
36478
36479
36481
3715
3717
3719
20103
3723
20107
36491
20111
3730
36500
36502
3739
20127
36511
20128
36512
36513
20130
36515
36526
3760
20146
3771
20155
36541
20162
36547
20167
20168
3789
3790
20175
20182
36567
36569
20189
36574
20191
36575
20193
36577
36578
20195
36580
20197
3819
3821
36589
3823
36591
36595
3831
36600
3833
3835
20219
3836
3837
3840
20224
36610
3844
36612
20229
20230
36614
3848
3852
20238
20239
36625
3861
3863
3864
36632
3866
20251
3868
3869
3870
36639
3875
20259
36643
3877
20261
36645
36655
36658
3891
20280
36666
36668
20285
20288
36676
36678
3911
20295
3914
36682
3915
36684
20308
20310
36696
3930
36698
36702
36706
36710
3944
36712
20332
3949
36718
3951
20336
36720
3953
20337
20338
20339
36724
3957
36725
20342
3961
36731
20348
36732
20350
3967
36743
3976
20360
20361
3978
36747
3984
36752
20370
36755
3988
36756
36759
3998
36769
36771
4004
36772
4008
4013
36782
4019
36788
36791
36794
4027
20411
20412
4029
20414
20415
4032
36800
20417
36804
4043
20428
36813
20430
4047
20433
20435
4052
20436
36822
4056
20443
36828
20445
36829
36831
4064
4065
20451
4073
36842
20462
4079
4080
4083
36851
4085
20471
36859
20476
36863
20480
36866
4100
36868
36872
20490
36875
20496
4114
20500
36884
4117
36890
20507
20508
20510
20511
36898
36899
20523
4141
36910
4143
20528
4146
4149
20538
36922
20539
4156
20540
20541
36925
36927
20549
36934
36935
4175
4177
20561
20570
36958
4195
20579
4196
4197
20581
4200
36971
36972
36974
36975
4211
36983
20601
36985
20602
20603
36988
36990
36992
4227
36995
37004
20622
4241
20627
37012
4246
4250
4251
4257
20641
20643
20645
4269
37037
37038
20656
4275
37043
4276
37050
4283
20670
37057
4291
37060
4293
37065
20686
37070
20690
20693
37080
4314
37082
4315
20699
37083
4317
4319
20704
37091
20709
37097
4333
20717
20719
20721
37105
4340
20724
37111
37112
4345
20729
20734
37122
20739
20741
4358
20742
4362
37130
4364
37132
4368
37136
20754
4372
4373
20757
37141
20758
4377
4378
20762
20765
20766
20769
20770
4388
20774
37169
20786
20788
20789
20792
20793
20794
20797
37183
4418
20802
20804
4421
4422
37190
37191
20809
20810
20811
4429
20814
37199
4434
20818
4442
20827
20828
4446
37214
4448
4449
37217
4450
20834
20837
20841
20842
4459
20843
37229
20846
4463
20849
4466
4474
4476
4477
20862
37247
37253
20875
4493
20877
4502
20896
20897
37282
4515
20899
20900
37284
20902
4519
20907
20908
4525
20910
37296
20913
37301
20919
4537
20927
20928
4547
37316
20934
20935
20940
37324
37329
20947
20952
37339
37341
4580
37349
37353
4587
37355
4589
37358
4594
4596
37364
4597
37371
37372
20989
37374
37376
4612
20996
37380
4613
37381
4614
4615
37383
4616
37387
4625
21009
21013
21015
37402
37406
21024
4641
37409
21026
21030
21031
4648
21033
21043
21045
37431
37432
21051
4672
21059
21061
21063
4681
37450
4685
21070
4688
37456
37460
37461
4694
4695
21080
4698
21082
4699
21083
4701
4702
21087
37477
21094
37479
4714
37482
21101
37486
4720
37490
37491
4724
21112
37497
4735
37503
4737
21125
4747
21131
37515
37517
21134
4751
21135
4752
37528
4762
21149
21151
37535
4770
21155
21158
21162
21165
37549
4782
21166
4783
21167
37555
4788
21178
4795
37565
21182
37566
21185
21190
21194
37578
4817
37587
21206
37597
37607
4840
4844
4847
4848
37617
37619
21236
21237
37622
37623
21241
4858
21242
37633
37634
4871
37640
4877
37647
21265
21266
4886
4889
21273
4890
21278
37662
21283
4900
37670
21287
21288
37672
21289
37675
37678
21296
4913
37681
21300
21304
37688
4921
21307
21309
4926
21312
37696
37700
37701
4934
37706
37708
4944
37712
21330
21333
4953
37722
4956
21340
4960
37728
21348
4965
21349
21350
21351
37735
37737
4970
37740
4975
37744
37747
21364
37750
37752
4989
21373
21374
37760
21377
37761
37763
4996
21381
37765
5002
37774
37776
21396
5013
37784
5020
21407
37793
5028
21412
5031
21419
5036
37804
5039
37808
5043
5045
37813
37819
37823
37824
5060
21446
21451
5072
21462
5079
37849
21469
37853
5086
5087
21473
21474
21476
21477
37861
21478
5095
37864
21481
21482
37867
37869
21487
37872
5106
21490
37877
21494
21495
37881
37884
37885
37889
37890
21509
5128
21515
5132
37902
5136
5138
5139
5140
37910
5147
21532
37923
21540
21541
37929
37930
21547
5169
37941
21559
21560
21562
21573
37958
21575
21577
37961
37962
21582
37966
21585
5205
5206
21592
5209
21599
5216
21600
21606
37993
21610
37994
21611
37995
5228
21613
38000
38002
21619
38003
21620
21624
38008
5241
21625
38009
38010
38014
38018
21636
38021
21638
38022
38029
5264
5268
5271
21655
5272
38040
5273
38042
38043
5279
21664
38050
21667
5289
38057
5290
38062
38065
21686
5303
38071
5305
38076
38085
38089
21707
21708
38094
5327
21711
21712
38096
38097
21719
21720
5339
5340
38110
21731
5351
5356
21741
21745
38131
5369
38137
38142
38143
38144
21761
38147
5380
21764
38148
5385
21770
38154
21771
5388
21772
5389
5391
21777
5394
21778
21780
38165
21787
21789
38173
5407
38177
38178
21797
5415
38185
5420
21804
38188
21805
38190
5423
21807
38191
5425
21814
5431
38200
5433
21817
5434
38202
5435
21821
5439
21824
5441
5445
21829
5447
38215
21833
5450
5451
38219
21836
21837
5456
21841
5459
21849
5467
5468
5469
21866
5483
21867
5484
5485
21869
5486
5487
21871
5490
5494
21882
38268
5505
5509
21893
38282
5515
5516
5517
38285
21902
5521
21905
21907
21908
38292
38294
5533
21917
38305
5538
5540
21924
21927
38312
5550
38319
5552
5554
5556
5557
5560
21945
38330
38332
21949
21950
5569
5570
5576
38349
38350
5583
5586
5594
21978
21979
5601
21986
38370
38371
5604
21988
5605
38373
21991
21994
38378
5611
5615
22000
22001
22002
22003
38387
22004
38391
22010
38395
22012
38397
22014
5633
22017
38401
22018
22019
38404
38407
5640
22030
22035
5657
38425
22043
22045
38429
5664
5665
38437
38440
38443
22060
22061
38449
38450
5689
38458
5694
5700
22087
5710
38478
22098
5717
38485
38486
22106
5724
22108
5726
22110
22113
38499
22116
38500
38502
38504
22123
22126
22127
38511
22128
22129
22133
5751
22138
5756
5757
38528
5764
22153
38537
5776
5777
22163
38547
5780
5782
22166
5784
22169
38553
38555
38556
5790
38558
5791
38560
22180
38564
5803
5805
5811
22195
5812
5813
5816
5818
38586
22206
38590
5826
5827
5828
22214
5831
22215
38600
38601
22219
22224
5841
22225
5842
22226
38614
22233
22234
22235
38621
22238
5855
38623
38628
22246
22248
5865
22249
38635
22252
38640
22264
5881
38649
38653
22274
5891
38659
38661
22280
5899
22283
22286
5904
38675
5908
5910
5912
5915
38688
22305
38690
38692
5925
22309
38694
38698
5932
22317
5935
38703
38707
5943
38712
5945
22332
5950
22335
5952
38720
38722
5956
22340
38728
38729
5966
22354
38738
38742
5978
38750
22367
5985
5988
38756
38758
38768
38770
38772
38773
38774
6009
22393
6010
38778
38779
22396
38781
22400
38786
6019
38790
6023
6024
22410
38794
6027
22411
6030
38802
38804
6046
38815
22432
38816
6051
22436
6055
6058
22442
6061
38829
38830
22447
22452
6070
22454
38840
22459
38844
38855
38856
6089
38857
38858
22477
6095
22481
6098
38866
22484
22488
22491
38878
22495
38881
6114
22498
22501
6124
22508
38893
38895
22513
6131
38902
38905
38909
6143
6144
6145
38914
22531
22536
22539
6157
38926
38929
6165
6166
6167
22551
6171
6176
22563
22564
38949
6182
6183
22567
22568
6185
38958
38960
22577
6194
22578
6197
38967
6200
22587
38971
6204
38972
22592
6209
22597
6214
6216
38984
22603
6220
22604
38988
22605
38990
38992
22612
38996
38997
6231
38999
22616
22618
6235
6238
22622
22628
39014
6247
6248
22632
6249
39021
39028
6265
6268
6271
22657
6274
6275
22659
6276
6277
22661
39050
22667
39052
22669
22670
6289
6294
22680
39066
6301
6302
22687
39072
22690
39081
6314
6315
39087
6320
39090
39091
22709
39093
22711
39098
22716
22719
22720
39104
39105
39106
6342
6344
6346
6347
22731
39115
22732
39118
22735
39120
22740
22744
6362
6364
39133
39134
22751
39138
6379
39147
22765
39149
6391
6392
39160
6395
39164
39166
6406
22791
22792
6412
22798
39183
22800
6418
6419
22803
39187
39190
22807
39191
6424
39193
22810
39194
6427
22814
39199
22817
39204
22821
6440
22826
39210
22827
39214
6450
6454
39224
39225
22842
6460
6463
22847
22849
6466
39236
6470
39241
22863
39250
39252
39254
22871
39256
6489
39257
6490
22874
22875
6493
39261
39262
6496
39270
22887
6507
22894
6512
39281
6515
6522
22908
22912
22913
39298
39301
6535
39303
6540
22924
6546
22930
39314
6549
22933
39317
6552
22937
39321
6555
22939
6556
6558
39327
6562
6565
6572
22956
22959
6577
39346
22964
22968
6585
6586
39354
22971
22974
39359
39364
6597
22981
39370
39371
22990
6612
39380
22998
6615
39384
23005
6624
6626
39398
6631
23017
6634
39402
39404
39409
23027
6645
23029
23032
23033
23035
23036
39423
39428
23046
23048
23049
23053
6670
39438
23055
6672
23056
39440
6673
6675
6679
6680
23065
23066
6685
23069
23075
23079
6696
6697
39465
39466
6709
39478
6716
39486
23109
39493
23110
23111
6730
39499
6732
23117
6734
6737
39506
39507
39509
6742
39515
39516
39517
23134
23137
6755
23139
39524
6759
23144
6764
23148
39533
23150
23151
23160
23162
6783
6784
6787
23172
39557
6790
6791
23176
23180
39565
6799
6801
23188
39572
39573
6808
39577
6810
23196
23197
6818
39587
39588
39589
6829
39597
6830
39598
23217
39601
23220
39604
6839
6842
23226
23227
6845
39614
23233
6850
39619
23236
6853
6861
6862
23250
6869
39637
39639
23256
6877
23264
6887
23274
6891
6892
39663
23280
6900
39672
6908
39680
6918
39686
23306
23308
39694
39699
39703
39709
39711
6948
6949
23333
39720
39721
6954
39722
39727
39731
39733
23350
39736
6969
39738
6971
39740
39741
39743
23360
6980
6982
23366
39750
39751
23368
6985
6990
23376
39760
23378
6996
23384
7001
23385
39770
23389
39773
39775
7010
39778
39779
39781
39782
23400
39787
7020
23404
23408
7025
23409
39793
7026
23412
7030
39805
23424
7041
7042
23426
39810
7043
23427
39811
23437
23443
39831
7068
7070
7075
23459
39843
39844
39845
7079
7080
23464
23467
23468
7088
23474
23478
7096
23480
7097
7098
39867
23484
23489
39873
23490
23492
23494
39878
23497
23499
7118
23502
39888
39889
7122
23507
7124
23509
7128
23514
7132
23516
23517
23518
23519
7139
39914
39915
39916
7154
23538
39922
39926
7161
23546
23548
7165
7170
23558
7177
39949
23566
23567
7184
7185
23570
23573
39959
23576
23578
39962
39963
7199
39968
39969
7203
39972
39978
39980
39996
23614
39998
40001
7236
40004
23625
7248
23632
40022
7258
7260
7262
23646
23647
7264
23654
40038
40039
23656
23658
40042
23661
7278
7279
7281
40049
23669
40056
23674
7291
23675
40059
40061
7295
23679
23681
7299
7300
23687
40071
7306
7308
23692
40076
7311
40082
23702
7320
23706
23708
23710
23713
23718
40105
40106
23727
7352
7353
23737
7355
7356
7357
40125
40131
40132
7365
40133
7369
7370
40140
23759
7376
40144
7383
40153
23770
23772
7389
40159
7392
40160
7395
23783
23784
7403
23787
40176
40179
7412
23805
40191
40192
23810
23811
7428
7431
40200
23817
40204
7438
7440
7443
40212
7451
23835
40220
40221
23843
23845
23846
7463
23849
40235
7469
40237
40238
7474
7475
23861
7478
23862
7480
23867
7485
23869
7488
40258
7491
7494
40262
7497
40267
40270
40271
40272
40276
7511
23895
40282
40284
7518
7519
7523
23907
40294
23916
40308
7541
40311
40312
7546
23931
23932
7550
7553
23939
23941
23944
40335
7573
23957
23958
40342
23962
7580
7582
7583
23967
7584
23971
40356
23974
40359
23980
23981
7600
23985
23989
40376
7609
7610
23995
7614
40382
40383
24003
40390
7623
40393
7628
40396
40402
40404
40405
7645
24030
40415
40420
24038
40423
7658
40426
7659
7661
40430
7665
24050
40437
7681
7685
24069
40454
24071
7690
24074
24078
24079
7696
24080
7697
24081
40466
7704
7706
40475
40476
24093
40479
24099
7716
7717
40488
7723
24107
7724
40492
40497
40498
40500
24117
40501
24122
24124
24126
7744
7750
40518
40520
24138
7755
24142
40526
24143
40531
7764
24148
24151
24152
7770
40542
7777
24161
40548
24165
7782
40552
7786
24170
7788
24172
40556
40557
24176
24181
40566
24183
40567
24186
7806
24192
40576
7809
24196
40582
24203
40589
7823
24207
24208
40593
40594
24214
7836
40605
40606
7839
24224
24225
40609
24227
40611
24229
7846
24231
7850
40619
40623
24240
24242
40626
24243
40632
7865
24252
40636
40637
40639
7872
7878
7881
40653
7899
7902
24288
24289
7908
24295
7914
24298
40683
24301
40687
7922
40691
24312
40696
7931
40702
24319
40703
40704
7941
7943
7944
24328
40714
24331
7948
7949
40717
40719
24338
40725
24343
40728
7962
40731
7965
7969
24359
40744
7977
7978
24369
7987
40755
40756
7990
7995
24379
24383
24387
40771
24388
24395
8012
8013
40783
40785
40787
24406
24408
40792
40793
8026
40795
8029
40798
24415
24416
8036
24420
8039
40807
40816
24434
40820
40822
24439
8057
24441
40831
8070
8076
8078
40846
8079
40851
40852
40854
8087
24472
8089
40859
24476
24480
8101
8103
24490
40875
40880
8113
8116
8121
24505
8122
8123
8124
8125
40893
24516
40900
40901
8137
8138
40906
24523
24526
24527
40911
40912
40916
8150
40921
24541
24545
8162
8165
40939
8172
40942
24560
40944
24564
40948
8184
24574
24575
8192
40961
8194
40964
8200
24584
8201
24585
8206
8209
40977
40978
24600
40984
8217
40985
40991
40992
8227
24612
40997
8230
8233
41001
24622
8239
24624
24629
41016
24633
24637
24639
41025
8258
8260
24644
41028
8261
24646
8264
41032
24650
8267
8269
41037
24656
8273
24657
41045
41046
41048
41049
24667
41051
8284
41052
41056
24673
24676
8293
24678
8295
41064
8297
24683
24684
24691
41075
8311
41080
41081
24698
41084
41085
8323
41091
24713
41101
8335
8342
8343
41111
24728
8348
8349
41119
24737
41121
8356
24740
8357
8360
8367
24759
41148
8381
24765
8383
8385
24769
24770
24771
41155
8388
41156
8389
8392
41160
41161
24779
24780
8398
8399
41167
41168
24788
41174
8410
24799
8416
8417
8425
41194
41198
24816
24822
24826
8443
24832
24833
8451
41219
24837
41223
8457
24845
41229
8463
24847
24849
8468
24852
8471
8473
24858
24859
24862
24863
24864
41249
41251
24869
41253
41255
41257
8490
8493
24877
41262
41269
24887
24889
41274
24891
41279
24896
41280
24899
8516
24900
41286
24905
24906
24908
24909
8526
24912
24915
24917
41302
41304
24924
8541
8543
8545
24929
8548
24933
8552
24938
8556
41326
41329
41333
8567
8568
24952
41336
24953
8571
41341
24960
24962
8581
41349
24969
8587
8588
41356
41358
8591
8592
24979
8596
41365
41366
8600
24985
24987
24988
8606
24991
41376
8609
8616
25002
25003
41387
41389
25006
41390
25007
41392
25014
41398
8631
25018
8637
8638
8640
8642
25033
25034
41422
41423
25041
41427
8660
41435
8668
25052
41436
41441
8674
25058
41444
8677
25061
25062
8679
41449
8690
41462
25079
8696
8698
25082
8702
25086
41471
25093
8712
25097
25102
41489
25108
41494
41497
25114
41499
8734
41503
25120
8738
25122
25123
8741
8742
41514
41516
8750
25136
8753
25137
25145
41532
8766
41534
25151
8769
41537
25157
8774
25158
8782
25169
8786
25170
41555
8791
25176
41560
41564
25183
8802
25189
8810
8813
8814
25198
41586
41587
25205
41591
41596
41599
25216
41600
25217
25218
25221
41606
25224
41608
25227
41612
41613
41615
41616
25234
25237
8858
25242
8860
8864
25252
41641
25259
25268
25270
25272
41658
8891
41661
25279
8897
41672
25291
41677
8911
25295
41679
25298
25301
25306
8923
25309
25317
41702
41705
8939
25323
41710
25331
25335
8952
41722
25340
25341
8959
25349
41735
8968
41739
25356
8974
25362
41746
41747
25365
41755
25372
8992
25379
25381
8999
25383
9006
9007
9010
41779
25396
41780
9013
9017
25402
41788
9022
41793
25410
9027
41795
9028
9030
41798
41799
9032
9035
9036
41806
9039
25424
41813
9048
25434
9052
25436
25437
41821
41823
25445
41834
9068
9069
25453
25457
9074
25459
25462
25463
9081
25466
41852
25470
25472
9091
25475
41859
9092
25477
41863
9096
25481
9101
25485
9102
9108
41878
25497
41881
9114
25505
41890
41897
41898
9136
9143
25528
9146
41914
41917
25536
41920
41922
9156
25541
9158
41926
25543
9161
41929
41932
25554
41944
25563
41950
25568
9189
41958
9192
9197
41969
25597
9216
41985
9219
9222
25608
25609
41995
41997
25615
41999
25616
42000
9234
42004
9237
25621
25622
9242
9246
25633
9251
25635
42023
42026
9259
9265
42033
9268
25655
25656
25657
42041
42043
42046
42048
25665
25666
9284
42053
42054
25671
9291
9292
9296
25680
42064
9297
25681
42067
9300
42069
9303
25691
42076
25695
25696
25697
42081
25702
25706
42094
25711
25712
9331
9332
42100
25718
42102
42103
42106
9339
25724
25725
42109
42112
42114
9348
25732
42116
9349
25734
25735
42120
42123
9356
42124
42125
42126
25744
25748
9367
42136
42137
42139
42140
42142
25770
9389
9390
25775
42160
25781
42166
9400
25791
9408
42177
25797
9416
42184
25801
42185
9420
42188
9421
25805
25807
42191
9424
42193
42194
42196
42199
9435
9437
42209
42210
25827
25828
9446
25831
42216
25833
9450
25834
42219
42220
42221
42222
9455
42226
25844
25845
25850
9468
42237
25855
42240
25857
42241
9475
25859
25861
25864
25867
25868
42252
25871
9491
42262
9496
9497
42266
9500
25884
9502
9503
25887
25888
9505
42274
42276
9512
42282
25899
9516
25900
9521
9522
25908
42292
42293
9526
9528
42296
42301
9535
9536
9538
9539
42311
9544
25929
9547
42315
42320
9553
25938
42322
25939
25940
25942
42326
9562
9565
25950
9569
9572
42340
42341
42345
42346
42347
9580
42348
42349
9582
25966
42352
42353
9588
42361
42363
42366
9600
25985
9603
25988
42374
25993
9610
9612
42380
9615
9618
42386
26011
42401
26023
26024
9643
26027
42412
26033
42419
42422
26040
42424
42425
9662
26047
26048
42432
26049
26050
9667
42436
26053
9675
26060
9681
9691
9693
42462
42464
42465
26082
26084
42475
42478
9711
42479
26098
9715
26107
42492
9726
26111
9728
26114
42498
9731
42499
42500
26118
26119
26123
9740
42511
26132
9759
26144
42528
9761
42531
26151
26152
9778
26162
9781
26166
26170
42554
26176
42560
26177
26180
42565
9806
26190
9810
42579
9812
26197
42581
42582
26199
42586
26204
42588
26205
42592
42597
26216
9836
26220
42610
9846
26231
42615
9849
26234
26235
26236
42624
9858
26244
9868
26255
42639
9873
26257
26258
9877
9878
26262
9879
9880
42651
26270
26273
9890
42659
26279
9896
42667
42668
9902
42671
26288
42673
26293
9911
42680
42684
42686
42690
9923
26309
26310
9927
42702
9936
42705
9938
42706
26327
42712
42715
9953
42721
26339
9961
9962
26346
42730
42731
42738
9971
9973
26360
26365
9984
9987
9988
9989
26373
42763
10000
42768
42771
26389
42773
26390
26392
10015
26401
10018
26403
42787
26405
10024
42792
26409
10026
42797
42799
42801
26429
42814
42822
10061
10064
26452
10070
26455
42839
10073
10076
10078
42847
42848
10083
42851
10085
26469
42853
42855
10093
26477
42861
26481
26482
10100
10101
26485
10104
42874
10108
10118
42887
10120
26504
10121
10122
26508
10126
10134
26518
10135
26520
42905
10138
42906
10140
42910
10146
42915
26532
42917
10150
26534
10155
26539
10156
26540
10157
42925
10158
10163
26547
26548
10168
42937
26555
10175
26564
42950
42951
10185
42953
10189
10194
10196
42965
10200
42968
26590
42976
26596
26598
42982
10215
42991
26610
10228
10236
43009
26626
26628
43012
26629
26630
43014
26631
10248
26633
43019
43020
10255
26641
26643
26644
43030
10264
10267
43041
10274
10275
43043
10276
43044
10277
26661
43045
43047
10281
26668
26669
43053
26670
26671
10288
26672
26677
10294
10297
43065
43066
10301
26685
10303
10309
43077
43083
26701
10318
10319
26704
10322
10323
26707
26709
43094
26711
26712
43097
43099
26718
10335
26722
10341
26726
26727
10344
43112
43115
26732
43116
10350
26735
43120
43122
26739
43123
10356
26740
26741
43125
43126
43130
43132
26749
43139
26757
26758
10376
26763
10381
26767
10384
26768
43154
10388
26775
43159
43160
43161
43170
43173
10406
10408
10414
26800
26807
43195
26813
43197
43198
26817
10434
43202
10435
10436
26820
26824
10441
10442
26828
43212
10445
10446
43216
26833
10451
43220
26838
26839
10456
10463
26849
26852
26858
10475
43244
26862
43248
43249
43253
43254
43257
26874
26878
26879
10497
43273
26890
26896
43280
26897
26899
43283
10516
43286
43290
10526
26912
43297
10530
43298
26916
26917
26920
43304
10539
10540
43309
43311
26930
10547
26932
43324
43327
43331
26949
43333
43334
10568
10571
10572
10576
43348
10583
43356
43357
43359
10595
10597
26981
43365
26982
43366
10599
26983
10600
10601
26989
43375
43380
26997
10618
43389
10622
27008
27011
43395
10629
27013
43397
10631
10640
10644
27031
10648
43417
10650
27040
27041
10658
27045
10662
43430
27047
10666
27050
27053
10672
10677
43445
10678
10679
43447
27065
43454
10691
10695
27079
43464
10699
43467
43471
10704
27092
10711
43480
10713
27099
10726
27112
43497
43498
10732
43501
27118
27120
10738
27124
43509
27128
10745
10749
43518
10752
27147
43531
27149
43534
10768
43539
27156
27157
43541
27161
43545
10779
27164
10781
10784
27170
43554
27171
10796
10800
10802
10806
10811
10816
27201
10826
10827
43595
27215
43601
10837
43606
10843
43612
43613
10846
10849
27234
27241
10858
27242
43628
27247
43631
27248
10866
10869
10870
27255
27256
27257
10874
27258
10877
43650
43651
27273
27275
43665
43666
43671
10904
10905
43673
27292
43678
27296
27298
10915
43684
43689
43693
10926
10927
43697
27314
10931
27316
10936
43704
27323
43707
10942
43710
10953
43722
43725
27343
43728
10963
43731
10964
10967
27354
10973
43743
10976
10978
10979
43749
43750
10986
10988
27372
10991
27377
10995
43763
10997
43765
43767
11001
11004
27390
43774
11008
43782
11016
27400
43784
27401
27402
11025
11027
27413
27414
11031
27416
43806
43807
11040
43810
27430
11047
43816
11050
43818
43819
11052
11054
43823
11063
11066
27451
27452
27456
43841
11074
11075
27459
11076
11077
27461
27464
11081
43850
11087
11092
11093
11095
43863
11101
11103
11106
43875
43879
11113
43882
27499
43884
11121
11122
11124
11128
27516
11133
43901
27520
43904
11138
11139
27524
43908
43911
11148
27532
11149
11152
43921
43926
27543
43927
43928
11161
43929
27546
11163
11164
27551
43936
27553
27556
11174
27559
43944
11180
43949
27566
43951
11186
43954
27574
43968
27587
11206
11207
27598
43984
11217
43985
11219
43987
11220
27604
27606
27608
43993
27619
44003
44005
11242
27628
27629
44014
11247
44015
44019
11254
11256
44027
27646
44033
27650
44040
27657
27658
44048
11281
44049
11282
44051
44053
44054
27671
27672
44057
11296
27683
11301
27686
27688
44072
44073
27693
44078
27700
27705
11322
27708
11330
27719
44103
27720
44104
11340
11346
27730
11353
44124
11361
27747
44136
11369
44137
11373
44141
11379
44152
27769
44155
44158
11391
27777
44161
11395
27781
11399
44167
11405
27790
27791
27794
11411
44184
11419
44192
44193
27811
11429
27813
27816
11435
44204
44206
27823
44207
27824
27827
44211
11444
27829
27830
11451
27839
27841
11461
44229
44230
44234
11468
27852
27854
27856
11473
27859
44244
44245
27864
11485
11487
44255
27872
27873
44258
27879
44266
27884
27885
27886
44270
27887
11506
27892
44276
11509
44281
11519
27905
27906
11525
11526
11527
27912
44297
11533
27919
11536
44304
11540
11544
27929
11550
44319
44326
11559
44328
11561
27951
44338
44339
11573
27957
11582
44350
27972
44356
27974
27979
44363
11596
44365
11598
27982
44366
11601
44369
27987
44371
27992
44378
27996
27998
11615
44385
28002
44388
11622
28007
11627
44396
11629
44397
11633
11634
11640
28025
44410
11646
11652
28036
44422
11656
44425
11659
11664
44432
28049
28050
44434
44439
28056
44440
44445
44447
28064
44448
28066
11683
28069
11687
44455
11688
28076
28078
11697
28083
28084
44472
44474
11707
28093
44479
44482
28102
11720
44496
28116
11733
28117
11736
28120
11738
11741
28125
44509
28126
44514
28131
44515
28132
11749
44518
11752
11753
44522
28142
11760
11761
28146
44531
44532
44533
11769
11773
44541
11775
28159
11777
11778
11780
11781
28165
28166
44556
11792
44561
11794
44563
28183
44567
28184
28185
28187
11805
28189
28194
44579
11812
11816
11817
28201
28203
28205
44590
11828
28212
11832
44600
44601
11839
44608
44610
28230
44617
28234
28238
44622
28239
11856
28242
11861
28248
11867
28253
11870
44638
11873
28257
44645
28265
11891
28277
11894
44662
11895
44663
11896
44668
44669
28286
44670
44674
11907
28295
28298
11916
28302
28303
11921
11923
44693
28310
11930
28316
28318
44702
28320
28321
44708
44716
28335
11954
11955
44723
44726
28344
11964
28348
11965
11969
28353
11971
28359
44743
44744
44745
28362
11982
28368
28369
11986
11987
11990
28377
28378
44762
11999
28384
44776
12014
12017
12022
44790
12023
44791
12024
12026
12027
28411
12028
12029
44797
12030
28414
44798
28418
12035
44803
12037
12040
12042
28426
28428
44815
28432
44816
44817
44822
12059
28444
44835
44842
44849
12082
28466
28467
44853
44854
44855
44856
12090
44858
12091
28475
28479
12096
12097
12099
44868
28486
12103
12104
44876
28493
44879
12114
28498
28499
12116
12118
28504
12121
12123
28507
28510
28519
44903
28520
44905
28522
28523
28525
28526
44910
44912
12148
28532
28534
12152
12157
12159
44928
12161
12162
28546
12163
44931
44933
28552
12172
12178
12183
28567
12188
28572
12190
44960
44961
44962
28580
12199
12200
12205
28590
44974
12212
28597
44983
28603
28604
28605
28606
12225
44995
44999
45000
28618
45002
45011
45012
28630
28631
28636
28638
28641
12258
45032
12266
28650
28653
28655
28656
12275
45043
12277
45046
12279
45048
28665
45052
12290
28674
28675
28679
45067
12300
45068
45069
28691
12308
12310
12311
12313
45081
28698
45084
45086
28703
28707
12328
45098
45101
28718
28720
28722
45110
12343
28728
12350
12352
12355
12361
12362
12363
28747
28750
12374
28760
28761
12379
12380
12381
28765
12383
28767
12386
12393
28782
12403
28788
12409
12412
12414
12418
12422
12424
28813
12430
12431
12432
12436
12437
12438
28825
28834
28839
28854
28855
12477
28863
12482
12484
28872
28878
12501
28889
12507
28892
28903
28906
12531
28915
12554
12555
28945
12565
12566
12570
12575
28965
28970
12592
28978
12600
12603
12606
28990
12607
12609
28993
28997
12616
29002
12620
29011
12628
29015
12632
29021
12642
12643
29027
12646
12650
12653
29039
12661
29045
29047
12664
29053
29056
29061
29065
12688
29074
12691
29078
29080
29081
29082
29085
12702
29087
29089
29091
29093
29094
29100
12721
29106
12723
12724
29112
12730
12731
29120
29123
29124
12749
29136
29137
29139
12760
12762
29147
29153
29160
29163
12781
12785
29169
12787
12795
29189
29192
12809
12810
12811
29195
29197
12815
12816
29200
29202
12820
12821
12823
12831
29222
12843
29230
29232
12851
29238
12855
12856
29242
29246
29249
12869
12870
12879
12880
12881
12889
29276
29282
12899
29283
29284
12902
29287
29289
12908
29295
29298
12916
29300
12919
12920
29305
12928
12929
12936
12939
12941
12944
29328
12949
29333
12953
29337
12954
12955
12957
12967
12968
12969
29358
29362
12979
29364
29365
29366
12984
29369
12988
12989
12992
12994
29378
12999
29385
13002
13003
29387
13004
13010
29394
13014
13015
29399
13019
13026
13030
13033
29424
29425
29426
29427
29429
29433
29435
29436
29441
29443
29445
29446
29447
29451
13069
13070
29459
13081
29465
29469
13091
13093
29480
13097
29483
13100
13102
29488
13105
29492
13109
13113
29501
13120
13121
29505
29510
13130
29514
13134
29522
13140
29524
13141
13145
29530
29532
13151
13154
29540
29543
13160
29546
29549
29551
13168
29555
29556
29558
29562
13188
13204
29591
29603
29605
13224
13233
13235
13239
29623
13244
29631
29632
13250
13253
29638
29641
13261
29645
13263
13264
29652
13276
13279
29667
29669
13288
29672
13289
29674
29676
13295
13296
13300
13302
13304
29698
13317
13322
29713
13331
13332
13337
13341
13350
13351
29735
13356
29740
29741
29743
29745
29746
13364
13365
29750
29751
13371
29755
13372
29762
29764
29767
13384
13385
13388
13391
13392
13394
29780
13398
29784
13401
29790
13411
13416
29802
29803
29807
13428
29814
13432
13436
13437
29821
13438
13439
29823
29825
13443
13447
29832
29835
13455
29843
13461
29845
29846
29848
29849
13467
29852
13470
13471
29858
29863
29868
13485
29880
13500
29888
13506
29892
13510
13512
13513
13515
29900
13517
13518
29902
13522
13525
29914
13534
13535
29922
13541
29925
29926
29927
13544
29929
29936
13553
29938
29939
13556
29940
29943
13562
29953
13574
29963
13587
13593
13594
29978
13595
13602
29992
13609
29996
13620
13621
30006
13624
30008
13629
30013
30018
13636
30025
13642
30034
30036
13654
13655
30040
13659
30043
13663
13666
13672
13673
13675
30059
13677
30062
30065
13687
13692
13693
13697
13700
30086
13706
30090
13708
30098
30100
13717
30104
13721
30105
30106
30110
13727
13733
30117
30121
30126
13744
13747
30131
13748
13749
30136
13758
30142
30143
30144
13770
13771
30162
30164
30170
13791
13795
13799
13802
13806
30193
30198
30199
30203
13825
30210
13832
30221
13838
30222
30225
30231
13857
30241
13858
30251
13870
30256
13879
13880
13881
13883
30268
30269
13892
13897
13904
13905
13906
13907
30293
13914
30300
30302
13921
30308
13925
30311
13929
30313
13931
30316
30321
13938
30322
13940
13944
13946
13947
30333
30334
30337
30340
13958
30345
13962
30348
13965
30350
13968
13969
13970
13974
13975
30359
13976
13990
30374
30376
30377
13997
14003
30387
14009
14014
14015
14018
14020
14022
30407
30408
14027
30411
30413
14037
30424
30425
14042
30428
14045
14052
14055
30441
30442
14059
14061
14063
30448
14068
30461
14081
14082
30469
30470
30475
14094
14095
14100
30487
30489
14107
30491
14108
30492
30493
30497
30498
30500
30502
30503
14125
14127
30514
30515
30527
14145
14151
30542
14159
30543
30546
14163
30550
14167
30551
30558
14178
14187
14189
14191
30579
14197
14198
14200
30585
14204
14208
30594
30596
14214
30602
30604
30606
14225
30611
30615
30619
30620
30623
14241
14242
14246
30632
30645
30649
30655
14273
14274
30659
30663
30667
14286
30672
14294
14295
30687
14307
14309
14318
14319
30705
14328
14330
30718
30719
14342
30729
14346
30735
30736
30742
14360
30746
14365
30750
30751
14368
14371
14374
14383
14385
30769
14386
14387
30779
14399
14404
14407
14412
14417
30801
30805
30810
14430
14433
30817
14434
14436
14448
30834
14453
30837
30840
30841
14458
30842
30847
14468
30855
30856
30859
14479
30865
14482
14488
30872
30879
30881
14499
30885
14503
30887
14506
14508
30893
14511
14514
30902
14519
30908
14531
14533
30917
30919
30921
14538
14540
14545
14546
30930
30931
14548
14554
30946
30947
14564
14565
30953
30954
14572
30962
30964
30966
14583
30967
30970
30971
30974
30976
14598
14600
14602
30991
14608
30994
30995
30997
31002
31003
31005
31010
14627
31011
14633
31017
31018
31020
31025
31026
31028
31031
31034
14651
31037
14654
31039
31042
31054
14671
31055
31058
14678
31063
31067
31068
31074
14694
31078
14695
31079
31083
14700
14703
14709
31095
14713
31097
31101
14718
31102
31111
14728
31114
14736
31120
31123
14743
31127
14744
31134
14753
31142
14763
31152
14774
31158
14778
31162
14779
14780
14782
31169
31170
14791
31181
31182
31189
31190
14809
14810
14814
31199
14820
14821
14822
31206
31212
14830
14831
14837
14846
31234
31235
31239
31250
14868
31254
31256
14873
31259
31260
31261
14885
14888
14898
14901
14902
31293
31295
14913
14914
14918
31307
14925
31311
31314
31315
14932
31316
31319
31324
14942
14944
31331
31341
14960
14963
31351
31354
31357
31361
31362
14981
31368
14990
14998
14999
31386
31387
31390
15011
31399
31400
15019
15022
15023
15029
15033
31422
31425
31426
31434
15051
31435
15065
31461
31467
31474
31475
15095
31481
31483
15103
15106
15108
15109
15111
15114
31504
15123
31508
15130
31515
31517
15136
31524
15141
31525
31526
15145
31533
15150
31534
31535
31537
15154
15155
15157
15160
31544
31557
15175
31559
15178
15179
31566
31580
31584
15205
31591
31595
15216
31602
15226
31612
31613
31614
31617
15241
31625
15242
31629
31631
31632
31633
15251
31637
15259
15262
31649
31650
15268
15270
15273
31661
31662
31664
15281
31665
15285
15289
15291
15301
31686
15307
31692
31695
31696
15313
15320
31709
31715
15334
15335
31722
15339
15340
31724
31729
15349
15356
31740
15363
31751
31754
15373
31757
31761
31769
31774
31780
31781
15400
31786
31787
31792
31794
31800
31802
31803
31804
15424
15430
31814
31818
15436
31821
31823
15442
15444
31831
15450
15454
31838
31844
31845
15463
31847
15470
15472
15474
31860
15478
31863
31865
31872
15489
15499
31886
31889
31891
31893
31895
15517
31901
15519
15528
31915
31916
15534
31918
31924
15542
15550
31938
15556
15562
15564
31950
31952
15569
31953
31955
15576
31961
15579
31964
15589
15590
31977
31980
31983
31986
15603
15605
31993
31994
31996
15614
32004
15621
32005
15627
15632
15634
15636
15638
32022
32024
15642
32036
15657
15659
32048
32052
32053
32056
32059
32062
32063
32064
15681
32068
15686
15690
15693
32077
15696
32090
32091
32092
32100
15718
15721
32107
32108
32109
15727
15730
15733
15734
32120
32121
32125
15744
15749
32136
32139
32140
32149
32150
15767
15774
15775
32164
32168
32174
15792
32177
15794
15795
15801
15802
15804
15805
32190
32191
15808
32192
15811
32196
15814
15821
15822
15823
32207
32210
32211
15831
32221
32222
32224
15842
15847
32235
32238
15858
32242
32248
32250
15867
15871
15876
32260
32263
32267
15897
32286
15903
32287
32301
32307
15926
32310
15931
32321
15938
32323
15941
15943
15946
32330
32332
15949
32338
32339
15957
32341
32343
32344
32347
32351
15968
15972
15974
32359
15979
15981
15982
32366
15984
15985
15988
15989
32375
15992
32377
32381
32383
16006
32398
32402
32403
16023
16024
16027
16039
32426
16045
16047
32431
16051
32437
16054
32438
32440
32442
16062
16063
16064
32448
32456
32459
16077
32462
32464
16081
32465
16086
32470
32474
16092
32478
16098
16102
32487
16115
16118
16119
32505
32514
32519
16136
16141
16143
16145
16146
16150
32537
16159
32543
16165
16166
16169
32553
32556
16173
32557
32559
16179
32571
16189
16191
32579
16196
32581
16199
32584
16201
16203
32587
16204
32595
16212
32599
16220
32605
32608
32611
32615
32617
16234
16237
32622
32625
16243
32628
16246
16250
32635
32640
16259
16261
16279
16284
32668
32672
16291
32675
32677
32684
16303
32687
16304
16307
32691
16325
32714
16336
16337
32721
16338
16340
16341
16345
32730
32737
16354
32740
32743
16360
16361
32745
16364
32751
32756
32758
16375
32765
13
130
229
38
265
106
204
14
207
150
183
188
126
63
