1089
10242
14338
14339
8196
8197
12293
10247
8200
10
14347
2062
10257
4114
10263
4120
26
10267
6172
14366
6175
12320
33
35
36
37
12325
10278
12326
10282
45
14381
50
4147
52
12340
14388
4152
10296
8250
59
2108
2110
6206
14398
4159
8255
14406
2119
8265
10315
77
6222
4175
8271
4177
10321
82
10323
10325
12373
8278
2137
12377
8285
6242
99
4198
8295
12394
107
14444
6254
4207
12400
10354
12403
6260
8308
4213
8309
10359
12407
6264
14456
2170
6268
4221
6272
12416
12419
2180
2183
12428
142
8335
146
12434
2195
2196
8346
8349
14493
159
2207
14495
10402
12451
10404
14500
2213
2216
6314
171
10412
12462
14510
6319
8371
2234
4282
189
2237
6334
10431
193
2241
6337
4292
10438
201
14537
6346
14541
12494
2255
6351
8400
12496
4310
12502
4312
12504
2269
14560
10465
14563
12516
8422
14566
8426
14570
10475
6383
10479
10483
244
6389
12534
6392
6393
10489
14585
12538
8443
6397
14589
6403
10499
8453
14597
12550
12552
14602
4367
10511
6418
14610
10515
2325
4374
4375
12567
14618
10524
12579
12580
10533
6438
14631
4392
2349
12589
8494
303
6447
10544
12592
4403
10547
8502
314
10554
318
6466
12612
2374
12614
327
10568
12619
335
2385
4437
10581
14677
8537
6493
14686
6496
14688
8546
356
8548
12645
359
6505
14697
2410
4460
2413
366
10609
370
371
8566
12663
4472
2425
8572
383
6527
14720
10625
10627
388
391
393
14731
2445
6541
14733
12686
10639
8592
403
6547
14739
6552
2457
12699
10654
6561
2468
12709
8614
426
8618
2476
4524
8623
14767
432
12722
6581
14773
8634
2491
2495
8639
10690
10691
14787
10692
4552
8648
10699
8653
8657
12770
4579
2534
6630
10727
12776
2537
10732
494
8686
500
10740
10751
12799
12802
4612
6661
6665
12810
14859
4620
6668
4622
8718
527
14864
14865
4626
14866
10772
12822
8728
10777
14873
6683
2589
14877
10783
6693
8743
2600
14888
8745
14889
14893
8751
2609
14898
8755
565
8761
14905
2618
14909
574
10815
4674
10818
14915
4676
581
2630
4679
6727
2632
10824
585
8777
2634
10826
12876
14926
4691
14933
10840
4699
8796
14940
10846
4703
4704
2657
14946
12900
14948
8806
12903
12904
12906
2667
12910
2673
2678
4726
10871
2682
6778
4733
2686
12926
639
2688
4736
641
651
12940
653
4749
12942
655
4752
8850
659
2708
4756
6806
8858
670
2718
6814
12960
12962
2723
6820
8870
10918
679
4779
2733
2734
8878
12974
8881
6834
8883
4790
12982
2743
8888
12989
702
12991
706
4803
6851
2756
8901
710
8902
2760
10952
4810
719
4815
8912
8913
10962
10963
8916
13014
4825
10973
8929
2793
10985
13034
2798
10990
752
8947
756
8951
13047
4857
13051
764
2813
2816
6913
8961
8965
2824
11019
784
4880
8978
4887
11031
6939
6940
11039
11043
806
2861
814
4915
821
823
9015
9016
825
11065
9018
827
13116
829
9022
9026
836
2884
13126
6983
2890
4942
13136
850
851
4950
6999
9047
2904
7000
858
4954
9050
859
11103
13161
2927
9073
11122
9075
13171
11125
2939
11134
895
7039
9089
11142
11147
11148
13197
11150
2959
5009
13201
5010
11154
7059
921
9116
2973
11170
5027
11173
7079
936
7086
945
2994
7092
949
5045
9142
11191
5048
3003
9148
11197
11198
3009
9158
13254
5067
7115
5069
13266
5077
9173
11221
7131
992
3044
9188
13285
7142
9194
13290
11243
7149
1007
7152
1009
7153
3063
5111
5118
13320
5129
13323
9229
5142
3097
11291
13342
1055
5154
9250
13346
7205
9253
3110
7206
7208
13353
5167
9265
11315
3125
9269
11317
13365
1078
5175
11322
11324
11326
9279
5186
7236
13382
13383
7240
7241
9290
7244
5200
7249
9298
1108
11350
1111
1116
13406
3167
11359
5216
1125
5222
7270
13415
9320
13416
11369
9322
1132
5229
9327
13423
13424
5244
11394
3203
5251
13443
13448
9354
7307
7309
1166
5262
9358
13456
3220
9374
5280
1186
11428
1189
1191
3244
3245
1198
13486
13489
1202
3255
3257
13497
1210
5306
5307
7357
1218
3267
9411
9414
9416
1225
5322
11470
13523
11480
7389
13533
3299
7398
13542
13543
9452
13549
5359
7407
11507
7417
9465
13563
11516
3326
9473
11524
5385
9481
3338
3340
7436
5389
7438
13584
11541
13590
5400
11545
7451
1308
11549
11550
13599
7456
7457
1316
3364
3366
1319
11560
3370
13613
1326
1331
3380
9524
1336
3384
11576
11577
5435
5436
1341
13631
9536
3394
3399
5447
5449
7497
13642
3403
7499
5452
13644
1358
13646
11603
1364
1367
9562
13658
9563
13659
3420
3421
9568
11616
1378
1381
5479
9575
1387
11629
13677
7535
7538
1395
11641
3456
7557
9606
13703
13704
11658
5516
9612
7566
11662
9618
7571
1429
9622
5538
3492
5540
9642
13741
3502
9646
5551
1457
11697
5555
11699
5556
3511
3512
13752
3513
9660
7613
5566
7616
1476
3526
11718
9671
1488
1493
11734
3548
1503
5599
1505
3553
9699
9700
13796
3558
5608
11754
13802
5615
3572
5620
9718
9720
9723
9724
5631
7683
13829
11784
13834
9739
13835
11791
1553
3602
1555
5652
7700
1558
1559
3607
13848
7705
3613
13854
11810
13858
13861
5671
1579
11822
5682
7731
11828
7736
7738
9786
1597
7741
11842
1605
11845
11846
7751
13899
9806
13906
1621
13910
1623
7769
1628
5724
9827
5732
7781
3686
13928
11883
5740
11887
11888
9844
11892
3701
11900
13949
13952
9859
9865
7820
7822
7824
5778
9875
7830
3735
13984
7842
7848
3753
1710
5809
5812
3767
1721
7865
11961
5819
11970
11971
7876
1733
7877
3782
9926
5832
9928
11976
7887
3792
3793
7895
11993
1757
7904
5857
5858
5859
3814
12006
9959
1771
3820
12015
12016
14064
5874
7923
9974
12024
1788
12028
1794
1797
12038
5896
9992
12040
7945
7946
14090
7947
9995
1807
9999
12047
7956
12055
12057
14107
3871
14112
12065
10018
1828
10021
7976
12077
10032
14132
1846
7990
3898
7997
3903
3905
10049
14147
3909
3914
14154
8012
3917
14157
14159
1872
10065
3924
1877
14165
12120
5982
14174
1888
8035
1892
3943
12137
5994
14187
10096
6001
12145
10098
14195
3957
3960
6008
1916
8066
3971
1925
3973
8070
6025
6027
6029
14222
10128
3989
8086
12182
8087
14232
6045
10141
1952
14241
8098
10146
10152
8108
12205
1967
8112
14258
14261
4024
6082
4035
8133
6088
8138
10187
1996
10191
14287
12241
6099
14291
14298
14299
6108
8156
4073
14314
6125
6127
10223
14324
8181
8183
2041
2042
6138
6142
14334
4095
6143
3
251
14
30
