910
2051
4101
4107
12
2065
4113
23
25
27
2075
2078
4126
2080
33
4130
4131
4133
2090
48
4145
55
56
63
2115
2117
2118
4166
2122
4177
83
2131
4181
89
90
2140
95
4192
97
2147
2149
102
4203
2158
2160
115
117
2166
122
4220
2174
4223
128
2178
4228
135
136
2185
4234
4236
142
4239
4241
2194
147
2199
4248
4251
2204
166
2214
168
2217
2220
173
2222
4272
178
180
4276
2230
2232
2234
2239
4290
2243
197
2250
2251
2261
217
2268
4316
2270
223
4320
4321
226
2274
4324
229
4331
2284
2286
242
2290
244
246
2296
249
2301
2302
4350
4351
2306
260
2309
4357
4358
2313
4364
270
273
2322
4376
4378
2333
2334
2335
289
290
4388
293
2342
296
4394
2347
303
2351
2352
2355
313
2363
316
317
4415
4417
2372
327
4425
2379
333
2384
2385
4433
4434
342
344
4440
2394
2397
352
357
360
2410
2411
4459
4460
2414
367
2415
4463
372
2422
376
4474
2428
4478
383
4480
385
2435
2436
390
4486
2440
2443
396
398
4496
4499
2452
2453
410
414
418
420
4520
426
430
4529
2483
2484
2485
2487
2491
2492
2493
446
452
457
2505
4554
2508
4556
2509
462
2511
4561
4562
474
476
4573
4574
479
2529
2530
484
4582
2536
4585
4586
493
494
4590
496
499
4596
501
504
2552
4600
506
4603
4609
4610
2564
4614
2567
4617
2572
530
536
4637
543
2593
4641
2595
4643
549
4645
4647
4648
4649
4650
2609
562
564
4660
567
572
4669
2622
4672
578
4675
582
4680
4681
4683
589
593
2641
594
2643
4692
2646
4694
4695
2651
2652
605
4702
4704
4707
2665
4714
2667
2673
627
4723
628
2676
2677
4728
2683
4732
637
2686
2689
4739
2692
646
647
4747
4750
4751
2704
4756
662
2710
2712
2714
667
2715
4768
2726
679
4777
2734
2737
4789
694
2742
695
2743
2745
699
700
4800
2754
2755
4803
708
2756
2757
2762
4810
4811
2764
2768
721
4818
4821
732
2790
4838
2792
745
746
4843
748
753
4851
2805
758
761
765
2813
4863
772
2823
4872
778
4874
4875
780
784
2834
2838
4887
2842
800
2848
801
803
2856
2857
810
4906
2859
4913
2867
825
4921
2882
2883
4934
4937
843
845
851
856
4954
861
862
2910
2914
4963
2916
874
4970
879
2927
880
882
2930
2932
2933
4982
4983
889
891
4987
4993
4996
2950
5000
907
5003
5010
917
921
2970
5022
2979
932
2980
934
5031
5035
941
942
5038
943
947
5044
2999
5048
3001
5056
3011
3013
3015
5063
971
3021
5074
980
3029
5078
3034
5084
5085
3039
5087
3042
995
3043
996
3044
3045
3047
3048
1001
1010
3058
3060
5111
1019
5115
3070
3071
1024
5123
1031
5136
3089
3091
3100
3102
1056
1057
5153
5159
1065
1069
5165
5167
3120
1073
1074
5171
1078
1079
5175
5177
3130
5180
1085
3133
1086
3134
5182
1088
1089
3139
3140
1096
3144
5192
1097
1098
5197
3155
3158
5206
1111
5207
3160
5210
1118
5214
5216
5219
1124
5222
5223
1133
3181
5235
3189
5237
5238
1144
3193
5242
1147
5245
5248
5250
3204
5253
1160
1167
1168
3217
3219
5267
1174
3224
1177
3225
3229
1182
1183
5279
5281
5291
1201
3251
5301
5303
1208
3256
1213
5309
5311
1217
3267
1221
1224
5320
3273
1226
3274
5323
1235
5332
5334
5335
1241
5338
3291
3292
3295
1251
3301
3302
1256
1260
5357
1263
5359
1268
3316
5365
3320
5370
3325
3326
1281
3330
3331
1284
5381
5382
3338
3339
1292
3340
1293
5389
1295
5391
3344
5392
1299
3350
1303
5400
5401
3355
1308
1310
3358
1315
1317
1318
1319
3370
3372
1326
3374
3376
1332
3380
1333
5429
1334
5431
3384
1341
3389
5438
5440
5441
3396
3397
3399
5447
3400
1355
5453
5458
5461
3414
3415
3417
1370
3418
3419
5468
1374
3424
1377
3428
1382
5478
1383
1384
5484
1389
1396
1398
5494
5496
3456
3457
5505
1413
3461
1416
5515
1421
1424
3472
5524
3477
1430
1433
1434
3482
1436
1437
5536
1441
3490
5538
5542
3499
1452
1453
5553
1458
5555
5556
1461
1462
3510
1463
5561
1468
5566
5569
5572
3526
5574
5576
3530
3532
3533
1486
3536
3537
1491
3539
1493
3545
1500
3548
3549
3553
1507
1513
3562
1519
3569
3571
1524
1527
1528
3577
1532
3580
1533
3582
1536
1550
1558
3609
1562
1569
1575
3624
3626
3627
1581
3629
1582
1594
3643
3645
3651
1604
1614
3666
1619
1620
3668
3670
3672
3679
3680
1635
1636
3684
3692
1648
1649
1656
1657
3707
1660
1662
1664
1671
3719
1672
3726
3727
3728
3730
1683
3738
1691
1699
1700
1701
3750
3751
3752
3757
3758
3759
3763
1723
1728
3777
3785
3786
1741
3791
3792
3793
1753
1757
1766
1770
1775
3826
1781
3830
3837
3838
3854
1810
3860
1816
3865
3868
1823
3877
1840
3890
3891
1844
3908
1867
3917
3920
1873
1875
3939
3949
3950
3951
1909
3958
1914
3962
1915
1920
3969
1927
3980
3983
3984
1939
1943
3992
3997
3999
1960
4009
1966
4016
1970
4020
4023
4025
1981
4029
1982
4034
4035
4040
4046
1999
4051
2004
4052
2014
4062
4063
4066
4067
2020
2022
2025
2030
2033
4082
2036
2037
4086
2039
4087
4091
2044
2046
14
323
100
203
76
77
240
85
54
57
26
122
251
92
350
