1852
4096
2
4098
8202
12
15
4116
4118
23
4121
4122
32
4128
4134
4135
44
4144
49
51
60
62
8255
4165
8268
4175
4176
4179
8276
4181
87
4183
8280
4185
90
8282
91
92
4190
8286
4192
4194
8295
8296
4201
110
8302
4212
8308
8312
8313
124
8322
4230
8326
135
4237
8337
4244
150
4246
153
4251
158
4255
4257
8358
8359
8360
170
4268
8367
4272
178
4275
4277
8374
183
8379
8386
195
8388
198
4294
4296
4299
8395
207
8399
209
4305
212
214
4310
8408
8414
4319
4320
4321
226
8418
228
230
8423
4328
8430
8432
8433
8434
243
245
8439
4344
4345
4347
4348
253
8446
256
8449
8451
8453
4358
8455
271
4368
8464
273
8466
8467
4375
280
8472
8476
8481
4386
294
4393
301
8496
8497
4403
8501
310
8503
312
8504
8509
318
322
4420
8516
325
4423
4424
4425
4428
4436
4437
4439
8538
4447
4450
8547
4453
359
4455
362
367
8563
4470
8566
4471
8571
8572
382
8577
4488
394
4502
408
4505
8604
415
8613
422
8618
4526
8622
432
439
4535
8634
4542
448
4545
8641
4546
4547
454
4554
459
4559
4560
4563
8662
8663
8665
8667
4572
480
8673
4579
4583
491
4591
8689
8691
8694
504
505
506
512
513
8706
4614
8711
4619
524
4621
8717
4623
4626
4627
8724
533
542
8734
8736
4641
4645
8742
8743
559
4655
8752
4658
8755
564
4660
565
4661
566
4662
4663
570
4667
582
583
4686
592
4689
4691
596
4692
8790
4696
8792
602
4700
4703
609
8802
613
8807
4714
619
4716
8812
8816
625
626
4722
4723
628
630
4735
642
8834
644
4740
8837
4742
8838
651
652
656
4754
660
662
8857
8858
4764
4768
8864
674
8867
678
4774
679
680
8873
4778
8875
4783
691
692
4789
8885
696
697
8890
702
4799
4802
4805
710
4806
8906
715
8907
718
4816
721
8920
730
8922
8923
732
733
8925
4830
4835
4836
742
743
8935
4841
8937
4843
8939
756
757
4853
4854
8950
760
8952
4857
4860
8956
8958
767
4863
4868
773
4875
780
8972
8974
783
8976
8979
8980
8981
8985
794
801
8993
4900
808
811
9005
815
819
4915
820
9017
9019
4924
830
4927
4932
4934
9030
841
9036
4942
849
4945
4946
857
9049
858
860
4956
4957
9055
9056
865
4962
9058
4964
872
873
4970
876
9070
4975
4976
4977
884
9076
4981
887
888
4985
9084
9087
898
9091
4997
902
9095
905
9098
5004
9100
5005
5006
5007
9103
915
5011
9107
916
5012
9108
917
9110
919
920
5016
9114
9115
924
925
5021
927
9119
928
5025
9123
9124
5030
9126
5034
941
943
5039
945
9138
9143
9145
954
5052
9151
9159
968
5064
9160
970
975
5071
976
5076
5077
9175
984
5081
989
5088
9184
996
9189
999
1002
5098
5103
5106
9208
1020
9212
1021
5119
5121
9217
9222
1032
1033
9225
5134
5135
1041
5139
9235
5140
1045
5142
5146
5148
5150
9248
1059
5162
5163
9262
5167
1079
9271
1081
1082
5180
1087
1090
5192
9288
5193
9289
5195
9292
9293
9295
9298
5203
1111
9303
1113
9308
9309
9310
1131
1132
1133
1138
1142
1143
1147
5243
9339
1149
5247
1152
5251
5252
1159
5255
9351
1163
5260
1165
1169
5266
5269
9366
9369
9374
1186
5282
9378
1188
1189
9382
5290
5291
1196
9388
9389
1198
1199
1200
1204
9398
9400
5306
1211
9404
5310
5312
9413
5319
9418
5323
9422
1234
5330
1235
9435
5342
9439
9440
9441
1251
5349
9445
5350
9449
1259
9453
9454
9455
5363
9461
1270
9468
5373
1282
5378
1286
9479
1289
9481
1290
1291
1294
9486
9487
1297
9489
9490
5398
5399
5405
9502
5407
9503
5409
5411
5413
9509
9510
1324
9522
1331
5434
9531
9534
5443
1352
5449
5450
1355
9551
9552
5457
1363
9558
1369
5467
9568
5476
1381
9578
1387
5483
1388
9583
5488
1396
1397
5493
1398
5498
1403
9595
1407
5503
1409
5505
5506
5510
1417
1419
1421
5519
1424
1428
5526
9624
1434
9626
9627
5532
5534
1439
5538
1443
9635
1444
1448
5545
9641
5547
1454
9647
5554
5555
5556
5557
9654
5559
9657
9659
5565
1471
1476
9668
1478
9672
1481
5578
5580
1485
1489
1494
9686
1495
5591
9690
9701
1510
9708
1521
1523
1524
5620
9717
5625
9722
5630
9731
1540
9735
5640
9737
5646
1553
9745
5652
9749
9752
1564
9756
9758
9759
5666
1574
9768
1578
9770
1585
1586
5683
9781
5687
1595
9787
5692
5694
9796
5702
1609
5705
9802
1611
5710
5711
5712
1618
1620
5716
1624
9818
9819
1628
5724
5725
9824
9830
5739
9843
1661
5757
5759
9856
1666
9860
5765
1670
9862
1672
9867
5773
9869
5777
1684
9878
1688
9881
9882
5789
9886
1696
5793
1699
9894
5799
1708
5805
1712
9905
5813
1723
5820
1727
9919
5826
9924
5829
5832
9933
1742
1743
5840
5843
9940
9941
1754
5855
5861
9959
1768
9960
5865
1772
5868
1773
9965
5871
1778
9970
9974
1785
5884
5885
9981
5886
1791
9983
5890
1799
9994
9997
1808
10000
1811
10003
1813
5909
5912
10009
10011
5916
5917
1823
10019
1829
5927
5928
5931
10027
5933
1840
1855
10047
5955
1862
5958
5960
10059
1868
1869
1873
1874
1879
10074
5979
10075
1884
10077
10079
1891
5989
1896
5993
1898
1899
5996
10096
6001
10100
10102
6013
1918
10112
1921
10113
1925
10117
1926
6022
10118
6023
1929
6026
6029
1934
1939
1941
6037
1943
10135
1944
6046
6047
1952
6048
10145
1955
6054
6057
6059
10159
6064
6066
6069
6071
1978
6074
1981
1986
6088
1993
6089
1994
10189
6094
6095
10192
6097
2002
2003
10196
2005
6101
6106
6112
2017
6113
10211
6121
6122
10218
10221
2030
2033
6129
2040
10233
2042
10234
6142
10239
2048
2050
2051
6147
6148
6153
6155
10251
6158
6160
2065
2071
6171
6174
10270
6184
10280
2090
6186
10294
6203
10300
6205
10302
6207
6208
10304
2115
10307
6213
6214
2121
10313
10318
6224
2129
10321
6226
10322
10323
6228
10325
2134
6234
6237
2142
10334
2143
2145
10338
10340
10341
10344
6255
10356
6261
6264
10361
6266
6267
6268
10365
6272
2181
6280
10377
2186
6283
10379
2191
10383
2192
2193
6289
10390
6297
2205
2208
6304
6308
6310
6311
10410
6317
2225
6321
10419
6324
2229
10421
2230
2232
2234
6330
10430
10432
2241
10433
2242
6339
6340
6343
10439
2248
2251
6347
2252
6348
10444
2254
10448
10451
2260
6356
2263
10456
6362
2269
10463
10465
2275
10467
10469
10470
10472
2281
10476
10477
2287
6385
10481
6387
2293
2294
2297
6397
6398
6399
10496
10506
2316
6413
10509
10511
2321
10513
10514
6423
10519
6424
10521
2333
2335
6433
10529
6434
2339
10535
6440
2346
2347
6444
6446
2357
6453
10549
6457
10555
10556
2366
2368
6466
10564
10567
6477
2384
10578
6483
6486
2393
6490
10587
2397
2399
6495
2401
2404
2408
2409
6505
2412
6508
2415
6512
6514
6515
6516
2426
6523
2428
6525
10621
2430
6526
2432
10625
6532
6536
10632
2441
6538
10634
10637
2449
6549
2454
6555
2460
6556
10655
10656
6563
10659
2470
6566
2471
10663
10666
2477
10670
6575
10673
10674
2491
10685
2494
6590
2496
10688
2497
6594
2499
6595
10691
2500
2501
2504
6601
10697
10703
2512
2514
10707
2518
2521
10714
6619
2524
10718
2528
6626
10722
6628
6630
2535
10727
6637
6638
10734
6639
6640
10736
2546
10738
6644
10746
6652
6653
6655
2561
10756
6665
6666
10763
10764
10767
2578
10770
2582
2585
10777
10781
6686
2593
10785
10786
10792
6699
10799
2608
2609
10801
2612
6708
6709
2615
10810
10812
2624
6720
10816
2626
10819
6728
10825
6730
2637
10830
6735
10831
10836
6743
2651
10846
2655
6754
10852
2662
10857
6769
2676
10869
2686
10878
10882
10885
6793
10890
10891
2701
10893
10896
2705
2710
6810
6811
2717
2722
2723
10915
10918
2731
10923
10926
10930
2740
10932
10933
2742
2743
2745
2746
6842
2750
10942
6852
6854
10951
10952
2761
10953
6858
10954
6859
6864
2770
6868
6870
6873
10973
2788
6886
6889
2798
6896
6901
2806
2808
6905
6906
6914
6915
2823
6919
6920
6926
2832
2834
2836
11028
2839
11033
6939
2844
2845
2846
11039
11041
2850
6946
2852
2853
2854
11051
2862
6960
11057
11060
11064
2874
2875
6971
11067
2877
2878
6974
2879
6975
2880
11072
2883
11078
11079
11080
6986
2891
2892
6988
2893
2894
6992
2899
6996
6997
11093
11095
2904
11097
7003
2909
2910
11105
11109
11110
11111
7017
2926
2928
11124
7029
11128
11130
11131
2941
2942
2948
7045
2950
11142
11143
7048
11144
11146
2964
7061
11157
7071
2977
7074
11171
7080
11179
11180
7089
2996
7092
2998
7094
11192
7098
3003
3004
7103
11199
7105
11201
11202
7109
3018
3021
7118
7121
3029
3033
11225
7130
7133
3039
11231
7138
7141
7143
3051
11244
3053
11245
3056
3057
11249
11250
3059
7156
11257
3069
7165
7166
3071
3073
7170
3076
3077
7173
3079
3081
3082
7180
11277
7184
11280
3090
7186
3091
3094
11286
3095
3096
3097
3098
3109
3113
11306
3115
7211
11308
3121
11313
7218
11320
3135
3138
11331
7238
3146
7245
7251
3159
11351
11352
11353
11363
7271
7275
11371
11374
3183
7279
11377
7283
11383
3193
7289
11387
7293
3198
7294
7295
7297
3202
7298
11396
3208
11401
7308
11407
7314
3223
3225
7323
7325
11425
3238
11434
11437
3253
11446
11447
3258
7355
3260
7357
7361
11457
7363
11461
3273
11465
3274
3275
11471
3281
3282
11478
11481
11482
11483
7388
3293
11488
11489
11491
3303
7403
11499
7406
11502
11504
7412
7413
7414
7417
3323
3325
11519
11520
7429
7431
7432
11530
7435
11531
3342
3345
7442
11539
11540
7445
3351
3352
3360
7458
7466
3381
7486
3393
7489
3394
7491
7492
3397
3399
7507
7508
7509
7512
7513
7521
7522
7526
3435
7532
3440
7539
7541
7544
7551
3456
3458
7560
3466
3472
3475
7580
3486
7590
7592
3505
7601
3509
7607
7610
7611
3516
7621
7623
3528
7629
7632
7635
3541
7640
3545
3549
3552
7648
7654
7656
3565
7663
7664
7667
7669
7677
3591
3594
3597
7696
3604
7703
7709
7715
7723
7724
3632
3633
7732
7736
3642
3643
7746
3653
7762
3667
7765
7768
7769
7774
7777
7786
3694
3701
7798
3703
3705
7806
3722
7818
7821
3728
7828
7833
7839
7843
3751
7847
3753
7857
3763
7861
3771
3778
3779
7875
3780
3781
7878
3785
7882
7883
7889
3795
7891
3799
7896
7897
7902
7906
7910
3821
3824
7927
3832
3833
3840
7937
7941
3847
7952
3867
3869
7966
3872
7969
7970
7972
7974
7975
7987
3894
7991
7992
3897
3915
3921
3922
3923
8022
3928
8025
8027
8029
3939
3943
8039
3947
3950
8053
3962
3965
3969
3977
3981
3992
3993
8104
8106
8107
4020
8116
4023
4029
4032
8133
8137
4043
8142
4048
4056
4057
8155
4069
4075
8171
4077
8173
4080
8177
4086
8182
8185
8190
17
258
322
291
359
331
76
77
178
147
20
52
116
150
312
218
381
351
