142
1281
3
773
1541
6
775
2056
1034
2062
15
2063
2064
18
532
277
789
1813
790
282
1820
543
1572
1318
1830
808
1067
1838
48
1585
50
564
1333
823
1595
1341
1086
1855
322
1603
1860
325
1350
1351
1608
331
587
1359
849
1108
599
1882
92
604
1375
1637
1639
1385
363
1132
1900
1133
367
1392
1140
120
634
124
383
1408
900
1156
1412
1668
645
1413
646
1927
1672
649
395
651
142
1678
1679
1168
916
1172
1428
149
1944
665
1435
156
412
1437
160
417
932
1956
933
1960
173
942
1454
693
439
1721
698
699
1471
704
1730
1986
1220
1735
456
969
458
1227
1998
721
1745
2002
212
1748
727
1239
730
222
480
1248
2016
1252
1767
745
1769
1002
1527
2040
1276
1532
2047
20
32
96
128
4
37
6
39
71
135
41
109
78
111
144
50
83
148
21
27
157
