5448
16384
32768
16385
32771
7
16397
24594
20
8212
24596
32788
16406
23
24600
16409
32795
8220
32799
24608
24609
8227
16422
24614
8232
42
16426
32810
8235
44
46
24622
24624
49
32817
24627
24630
24631
24632
32824
24633
24634
32828
16445
32829
24638
64
16448
24640
32832
65
32837
16454
24646
32838
16457
24650
32846
32847
32848
8273
8274
24659
8276
16469
86
8279
24663
92
24668
93
8285
16478
24670
32862
32865
8291
16483
16486
32871
8297
32873
8298
16491
16492
16494
32879
8304
16496
24690
16500
118
8310
32887
121
123
8315
32894
8319
8321
16513
8323
16516
32900
24709
32901
24710
8327
16519
24711
16523
32908
8333
32909
143
32911
144
32912
32914
148
8343
16537
24731
156
16540
157
158
8357
8358
16553
24745
32937
172
16556
16558
32942
16559
176
178
24754
179
24756
24757
32950
8375
24759
184
16571
32957
16575
8386
32962
16581
16582
8391
16583
24775
8392
16584
24781
16590
16591
24783
32975
8404
24788
24790
32983
8408
219
8413
16605
222
224
16608
24800
32992
24803
32995
234
16623
8432
24817
242
24821
24823
33020
24829
255
256
258
16643
33027
8452
8454
8455
33032
16650
33034
16651
24844
273
8465
275
8467
8468
16660
8471
33047
8475
8479
24863
24866
293
24869
33061
8488
33068
8493
16686
304
24880
8497
8500
24884
309
8504
16697
16698
8507
33084
24893
33085
24898
33090
16710
24902
33094
327
8520
24904
16714
24906
16715
8524
33100
333
8527
336
16720
24912
16723
340
33109
16726
343
8537
347
348
24924
33117
8546
24930
16739
356
8549
8555
33135
16753
24946
33139
8566
8569
16765
16766
385
16769
33153
24964
8581
8582
24966
391
392
33161
16778
24971
24973
8591
16783
400
16784
401
8595
16788
33174
8599
24983
24984
16793
410
24987
8605
33181
8607
416
417
8610
16803
16804
421
16805
16806
33191
424
8616
16808
8617
16810
16811
8621
25007
25012
33204
8630
439
16827
25021
446
33214
16833
8646
455
456
33225
25037
25038
25039
33231
16855
8667
8669
33245
8670
16862
33246
481
482
25058
484
25061
486
488
33256
16875
8684
25069
25070
495
25072
33265
25075
16885
33269
16886
25078
16887
33272
8697
508
33276
25085
8703
16896
33280
513
8706
16904
25096
16905
8714
523
16907
25100
33294
8720
33297
16915
25108
536
540
541
16927
16931
33315
8740
16933
550
16935
16945
16956
25148
33341
574
8767
577
16961
8770
16966
25158
33350
16967
8776
585
8778
8779
8780
33356
8782
16974
592
8784
16976
596
16980
16982
16984
25176
16985
16987
16988
33375
8803
33379
33381
25194
33386
25196
622
25198
17007
25200
33395
17012
25204
8821
25205
8822
25210
33402
17021
639
25217
33409
17026
25226
17035
657
33426
660
8853
25237
665
17049
8859
17052
669
33441
33442
25251
680
682
8874
17067
17070
8881
33460
33461
17079
8888
33466
8891
33467
33468
17086
25281
17092
8902
712
8904
8905
33481
714
715
716
17102
8911
33488
721
722
25298
33490
725
17109
33493
17110
25304
25305
731
734
736
8929
25313
8931
17124
33508
25319
17128
25320
33512
8940
25326
754
8948
33524
17141
33525
8954
17146
763
17148
8959
17151
33536
25345
25346
771
772
8964
779
17165
8974
783
17167
33552
17169
33553
787
8979
25363
17172
790
8984
8985
794
8986
25370
8987
798
25375
17184
802
8994
17186
33571
25380
33572
805
25381
806
808
809
25385
9002
33578
25387
813
9006
815
17199
9009
33586
9011
17203
25396
33588
9016
33592
25402
9020
25404
33596
17213
25405
9022
33602
33603
25412
17221
839
840
17224
841
25417
842
17228
33613
17230
17232
25427
9044
25428
33621
33623
17242
25434
860
17244
17245
33630
9055
17249
25442
9060
9062
17256
25448
9065
9066
33643
878
17263
881
9077
886
33654
25463
17272
892
33661
25470
896
17280
897
898
25474
17283
17284
33670
25479
33672
17289
9099
25484
909
910
25486
25487
913
916
9108
9109
919
25495
920
25497
17306
9116
926
25502
17311
17312
33696
17314
9123
25508
933
25509
934
25510
9127
33704
33706
17324
33709
25518
9135
25519
17329
33713
33715
9140
17332
17336
25528
953
9145
33721
9150
33727
33728
9153
17345
33729
33730
963
17347
25540
33732
17351
33740
9166
25550
9168
17360
25553
25554
9171
17363
33747
25557
982
17367
25559
984
985
17369
33754
988
33756
25566
9183
17375
17376
17377
33761
17378
25570
33762
9187
33763
17380
25573
33765
33768
25578
9196
9198
17390
25582
25588
25590
33782
1016
1024
9216
17408
25607
9224
25610
17419
1039
25615
9232
17428
33812
17429
17430
9241
1050
17441
17442
25638
25640
9257
1067
25644
9261
1070
33838
33840
17459
33844
17462
1080
33848
25657
33849
1085
25661
33853
25662
1090
9282
33861
17478
9287
1097
17481
25675
25678
33873
1106
25683
9301
33877
1111
17496
1114
1118
1119
9311
17503
9312
17504
1122
9314
25698
33891
25700
25704
1129
1130
17515
17517
17520
25712
1138
9332
25716
25717
25723
9340
9342
9345
33922
9347
33923
1156
9348
33924
1157
1158
17542
33926
33929
1163
9355
33934
1167
25744
33936
33937
25746
17555
9364
25749
33943
9368
17561
33946
17567
33952
1185
25761
1186
17571
1188
17572
1191
33960
33961
1194
17578
33962
17579
9388
25772
1202
17588
33973
9398
17590
9400
33976
17595
33981
25792
1218
1219
1220
17604
25796
25797
1231
1233
9425
34001
25811
1238
17623
34008
9433
25817
34009
9434
9437
34016
17633
9442
17636
25831
1256
17640
34024
1260
17644
9455
25840
34032
1265
9459
9460
1269
34037
25846
1271
17657
34042
34045
34046
1279
34050
1283
1284
1285
25862
1287
17671
9480
25864
1289
25866
17677
1295
1296
1298
1299
9492
25876
25878
9497
25883
25885
25886
9503
17695
34079
34080
34083
9509
25894
17703
34087
17704
9514
17707
25899
1328
25904
17713
25906
1332
9526
34102
34103
17721
9530
1340
17724
17725
1343
34111
34115
17738
17741
1358
25936
9553
25940
1365
34134
1367
25945
34137
9562
1371
17758
25950
9569
1378
17763
9572
25956
9573
25960
34154
9581
34157
17774
25968
9586
34162
25973
1402
25979
34171
34173
1406
1407
9600
1411
17799
25991
25992
34186
25996
9613
17805
17806
34190
9616
34193
9618
9619
17811
34195
9621
17819
17820
1441
1446
17831
26023
34215
34216
17833
1453
26029
1455
1456
34224
17841
1458
34227
34228
1461
9654
26038
9656
17850
34234
34235
9660
17854
1473
26054
1479
17864
1481
1483
26059
9683
34260
1494
9686
26070
9687
17879
26071
34264
9689
17882
17884
9696
34274
26083
1508
26084
9701
1510
9702
26086
17900
9709
34285
9712
26096
26098
34290
26099
34291
26100
34293
26102
26103
1528
17912
26104
34296
1529
17914
26106
34298
9725
17917
17918
1535
9728
17921
26114
1540
26118
1543
34311
34312
9738
17930
1547
17931
34318
9745
34321
17939
26133
34325
26134
26135
26136
1561
34329
17946
26138
9755
9756
9758
17951
17952
26145
34338
9763
17955
17957
34344
9773
34351
1584
17968
26160
17970
9779
1590
17976
34364
17981
34365
9791
17983
26175
26177
9796
17989
26183
26187
34379
17996
17997
34385
1618
1619
1620
9812
26196
34390
9815
18009
34393
34400
26210
34402
9828
9830
9831
1644
1645
9837
26221
1647
18031
26223
26224
34416
34417
34418
26227
34419
18038
26230
34423
9849
34426
18043
34427
1662
26238
26240
18050
26242
9860
9865
18058
1675
9869
9870
26254
9871
34448
18065
18066
26259
9876
26261
9879
26263
18072
26268
9885
26271
9888
18083
26276
1703
18088
1705
9899
9900
9901
1710
18094
26287
9910
18103
9913
34489
26298
26299
26301
1726
9918
34494
18112
1730
1733
34502
26313
18127
9936
18128
26320
26322
9940
26325
18134
26327
34519
26328
34520
9946
34522
26333
34526
1759
18144
34528
34529
34530
18147
1771
34541
1774
18158
9967
26353
34546
1781
26357
34549
18166
1783
9977
26361
34556
26366
18177
34562
1795
26372
9991
34568
9993
34569
9996
1805
34573
34575
18192
34577
26387
34580
18197
26392
18201
26393
26394
34586
10011
34587
1821
18207
34591
34592
10017
26403
26405
18215
1832
26409
34602
34603
1840
26416
34608
34609
18227
26421
18230
10039
10041
34617
1850
10042
10044
34620
26429
18238
26430
10048
18241
18242
26434
18246
1863
26440
34632
1866
34635
10060
34636
10061
1870
1871
34639
26450
18261
18263
26456
34648
18265
18267
10079
26464
18274
26467
34659
10087
34663
18280
1899
26475
26478
1906
26483
1909
18294
1911
10103
1913
10105
26490
10109
34685
1918
26494
1921
1923
1924
18308
34693
34697
1930
18314
26506
10123
26508
34700
1934
1935
34704
10132
26516
1942
34710
34711
1944
1948
1949
26526
1951
10144
34720
18337
26529
1955
26531
18341
1958
10151
10153
1962
26539
1964
18348
26541
34734
34736
18355
10165
34742
26553
26555
18364
1981
34751
1986
10178
1987
10180
18373
26565
26569
1995
26572
34764
1998
2000
34768
26579
26581
18390
34774
10199
34775
2008
10200
18392
2010
10203
2013
18397
10206
34782
26592
34784
26593
10210
18402
2019
26595
18405
2022
2025
18411
34797
34798
10224
26608
34801
26610
34802
10227
18421
2038
10230
18422
2040
26617
34809
26618
10236
10238
10240
34817
18434
2051
18435
26627
26629
26633
2058
34828
34830
10256
2067
2069
10263
26648
26649
2075
26652
10269
34845
2078
26656
10273
26657
34851
10276
34855
18474
18475
18476
18477
18478
26671
34863
18481
10291
26676
2101
26677
26678
2103
10295
18490
2107
26683
2112
18498
26696
34889
18506
26699
10316
26700
2125
10317
26701
26702
10320
2129
2130
18520
26712
18521
18522
2139
26717
34911
26722
18531
18532
34916
26725
18534
18535
2154
26730
18539
2156
18541
18543
10352
26736
34930
10355
26739
34932
2165
18549
10358
10360
10361
2170
18555
18558
26750
26751
10368
34944
2177
10373
10376
10378
26762
10379
34955
10381
26767
34959
2192
10384
2194
10387
2198
18582
34966
10391
18583
34967
18584
26776
18586
10395
18589
34976
34977
18594
18598
26790
18600
34984
10409
26793
2218
10414
18609
10418
18612
2229
18614
34999
18616
2233
26809
10427
18621
35005
2239
18624
2243
35012
18629
2249
35017
35018
2251
26828
18637
26829
26830
35022
2257
18641
35025
18643
35027
2260
18644
26837
35029
26838
35031
10459
18653
2271
18657
10466
2277
26853
10470
35046
18663
35048
10474
18666
2283
2286
2287
10479
26863
2288
2291
2292
26868
10486
18679
35063
2299
10491
18683
26875
26876
2302
10494
26879
2305
10499
35076
10502
2312
10509
2318
26895
2320
26898
35091
18708
26903
26906
35098
35099
26908
2333
10526
18718
26911
26912
10530
26917
18726
35110
26919
18728
26920
10539
2351
26928
10545
2354
18739
18743
10552
26936
18745
26937
35130
10556
10557
35133
18750
35137
10565
18757
18758
2375
2376
10568
10571
35149
35154
35155
2388
10580
35156
18773
26966
10584
10585
35163
18782
26974
18788
2405
2407
35176
18793
26985
35177
2411
10604
10605
26991
26996
18805
2424
27000
10617
10618
18810
10619
18812
10623
35199
18816
2433
18818
2438
35206
18823
10632
27016
18826
2443
35212
35213
10638
18830
2447
10641
2451
10645
10646
18839
27034
35226
27036
10654
27038
35230
27039
35232
27042
35235
27045
2471
27047
2472
10666
10668
10670
27056
35248
2483
35252
18869
35253
18871
2489
2491
10685
10687
27071
10688
35264
10693
2504
10696
27080
2507
10700
18893
27085
10703
27089
27090
35289
27098
35290
18907
35291
2525
27101
2528
35296
10721
18915
18916
10727
18922
18926
27119
2544
27120
10738
10739
27125
35318
35319
10745
18937
35321
2554
10746
27130
35322
10747
10748
18940
10750
2559
27135
27137
35329
35330
18947
35331
35332
2565
10757
18950
10761
18954
18955
27149
35341
2574
18962
35347
35350
10775
10777
2586
2587
27164
35356
10781
27165
18974
18975
27167
10784
27168
35360
27169
2594
18979
35365
27175
35368
10793
18987
35372
27181
35373
27183
10800
18992
2609
35377
2610
27186
2612
35383
10808
10809
19001
35386
35389
19009
35393
19013
19014
19015
27211
2637
10829
2640
35411
2644
35412
19029
10838
19031
10840
19036
35422
2657
2659
19043
2662
19048
27244
2671
2672
19056
35440
35441
19058
27250
27251
2677
19061
19063
27256
19065
2689
27266
35458
10884
10885
27270
2696
27272
10889
27273
2698
2699
35467
19084
19085
2702
27280
10897
35473
2707
10899
27283
27284
10901
2711
27288
2716
19101
35487
27298
27299
10916
27301
10918
19111
19113
2730
2731
19116
35502
10927
19121
35505
19125
27317
10934
2745
10937
27322
10939
19132
2750
35520
19140
2758
10950
27337
19146
19151
19152
19154
19156
10968
35544
10969
27353
2778
27354
19163
27357
19166
27358
35550
27360
27361
2786
27362
35555
2788
27364
19173
19175
10984
10986
27371
10989
10992
19184
35570
10995
19189
35573
2809
35577
2812
11004
27389
35582
11007
19204
27398
11015
19207
19209
27404
2830
19215
2834
11030
27416
19225
2842
35612
27422
11039
11040
2849
2850
2851
2852
27428
11048
35624
2857
19243
2861
11053
35630
35631
2865
27448
11065
35641
35644
35645
2881
35653
2889
27465
11083
35659
2893
11086
35662
2895
19279
27471
35666
35667
11092
19286
35670
2905
19289
11100
35676
2909
11104
35682
35684
35685
19304
19308
2925
27503
35696
27505
27506
35698
11125
11127
27512
19321
2938
27517
11134
35710
2943
27519
35711
2944
35715
35716
19335
2952
19336
11150
19342
19344
11156
35733
35734
19351
35736
27545
11162
27546
19355
35741
35745
19362
35746
2979
11171
11172
27556
19365
19368
35752
27561
2987
35755
11180
27564
35757
19374
11186
19378
27570
11188
19382
11191
19385
19386
19388
27581
19391
27586
19396
19398
27590
35782
35785
3018
11211
35788
11214
27598
35791
35792
35793
11218
27603
11221
19414
35798
35802
11229
27614
11233
27620
35813
11238
3047
3048
35816
11241
35817
3051
35819
19436
11247
19440
19443
3061
19446
35830
19447
3064
35833
3068
3069
19453
27647
27648
11267
3076
35845
11270
27655
3080
3084
35852
19472
27664
19473
11284
27669
27672
11290
19486
27678
27679
35871
3106
11299
19491
3111
27688
35883
19500
3117
11311
11312
35888
3121
19507
27700
3128
19512
3133
35901
27711
35903
19520
11329
19521
19522
27714
3142
27719
3145
19529
3146
11338
35920
19537
19540
27732
3157
27733
11352
27738
27739
35931
3164
27741
35933
3167
11359
3175
19565
27757
11374
19567
35952
11377
3186
27762
11382
19574
19577
11386
27771
27775
27776
19585
27777
3202
35970
27782
3208
11401
19593
27786
11404
19596
3216
19601
11411
3220
35988
35989
27799
35991
11416
27802
3227
11421
3232
3235
19619
3236
27812
36004
3237
36005
27814
11431
36007
27821
36013
11438
19630
11439
19632
27825
19635
36026
11452
19645
27837
3262
3264
36032
11457
27842
19653
3270
27847
19656
11467
27852
11470
36046
19665
11475
3285
36053
36055
27866
27870
19679
27871
3296
3297
3300
36068
3303
3307
11499
36078
3311
11504
11506
3316
27892
27898
11515
36091
19710
11519
36095
11520
27904
11522
27907
11526
36103
3336
11531
27916
3342
19727
27919
3344
27922
36115
3348
11540
3350
19734
27930
27931
19740
11550
27937
11554
11556
11557
19752
19755
36139
3372
19756
27950
11567
19761
3380
19767
19769
36154
11582
27966
36158
11583
3393
27970
36163
27973
36165
27974
19783
11593
27977
11596
19790
36175
11601
11603
36180
27991
36183
11608
11609
3418
19802
27994
27996
3421
19805
27999
28003
3428
3429
19813
28006
11623
28009
36201
11627
28012
11629
19821
36207
11633
19829
36214
3448
36217
36219
19836
36220
3453
3455
36223
11648
19841
19844
28036
11653
19845
19846
36230
28041
11659
11661
28045
3470
36240
3473
19858
19861
11671
36249
36250
11675
11678
36254
3487
28063
36255
19875
11684
28068
36261
28072
11689
19881
28074
3499
28075
3504
3510
11702
36279
36280
3514
11706
19898
36283
3516
11708
3517
3518
11710
28094
19903
3520
36288
19905
19907
28100
28101
3527
11719
3528
19916
3537
3539
3541
11734
28119
28120
28121
19933
3551
3552
19937
36321
36322
19940
11753
28140
19952
11765
28149
36341
3574
3576
19960
11770
11771
28155
28157
28158
11775
11776
36353
11780
36356
3591
19975
3593
28169
11786
3596
36366
11791
36367
19985
28177
11794
28179
28180
36372
11798
3607
36379
3612
28188
3613
28190
19999
36383
36387
3621
3623
28202
11819
20012
3632
36401
28213
3639
20023
3640
28216
11833
36409
3642
20029
28222
3647
20032
3650
20034
20035
11846
28230
3658
20043
28235
20044
36428
11856
28241
20050
28242
36434
28243
3670
11863
20055
3673
28250
3675
11867
36443
3676
28252
36445
28254
3680
20064
28256
28258
20069
11878
3687
28263
36457
36459
36461
3699
11892
3703
11895
28281
11898
3707
20091
11901
20094
11903
20095
3713
36483
36487
28296
3721
36489
3723
20107
3724
28301
3727
11921
36499
28308
28309
20118
20119
36503
20121
20122
36506
11931
28315
20126
11935
20128
36514
3751
11943
20135
36522
3756
3760
11952
3761
11953
20145
11954
28339
20152
3769
20153
28346
36538
3771
28348
3773
20157
3775
20159
3776
20161
36547
20164
36548
11973
20166
36550
3784
3785
11979
20173
36558
36559
20176
36570
11997
28382
11999
12000
12001
28385
12002
20195
3812
3813
20198
36582
28392
28393
12010
3820
20204
3821
3822
12014
36590
28399
20208
28400
28401
3826
36594
28403
28404
36601
12027
12029
12030
20222
12031
28415
3840
12036
3845
36614
3848
28426
20235
28431
36623
12048
20240
12050
3859
3860
12054
28438
28440
36632
20249
3866
20250
36634
28447
12065
3876
28452
12070
12071
28455
20264
3881
3882
20269
12081
3891
3900
20285
3903
20289
12099
20294
12105
12107
28492
3917
12111
3920
20304
28496
36689
3923
28500
28502
3927
28507
28508
28510
3936
36705
3938
36707
20325
36709
3944
36712
20329
12141
36717
3950
20335
28528
3953
36721
28530
36726
3961
20345
3963
12157
3967
28544
3969
12162
12164
28548
36740
28549
28550
20360
12169
12170
28554
20363
12172
20364
20368
20372
3991
28568
3993
3996
20380
36764
3998
36767
12193
20385
36771
20388
28580
12198
28583
12200
20392
36776
28585
12202
12204
36780
4015
28595
12212
28597
36789
4023
28599
12216
12218
12220
20412
12221
4033
12225
28609
28612
4039
12234
12240
20435
12245
20439
12250
20442
28635
36828
36829
4062
20447
28640
4067
28643
4068
36837
28649
20460
4077
12270
36846
12272
20464
28657
4082
4084
28660
4086
4089
28668
4094
20478
20480
4099
12297
12298
28682
4111
36880
4114
12307
36885
36886
4119
20504
4122
20508
4125
4126
36895
12320
20517
20518
4136
20522
28714
28716
4141
36910
12335
20527
28719
4146
20530
28723
20533
12342
12343
4155
36928
4162
20546
28738
4163
12355
12361
20557
28749
12367
36947
20564
12373
28757
36950
4183
12375
36951
12377
12379
36955
4188
36957
28767
12384
36961
12387
20579
4197
20582
20586
4203
4204
12400
12401
36980
28790
36982
4215
4216
20600
28792
36989
20607
20610
36995
36996
28807
4232
12424
37000
12430
28815
28816
28823
4249
20634
28826
37019
4252
4253
28830
37022
12447
12450
4259
37027
4261
20646
28838
28839
4264
20649
28842
4267
4270
37038
37039
20659
4276
20660
37045
4278
28856
12473
20665
37049
4282
12474
4286
28863
4288
4289
12485
28869
37061
37063
12489
28874
37066
4299
12491
28876
4301
20685
37069
4303
20687
4304
28882
12499
4311
37085
20702
28894
12511
12512
37091
4324
20708
20709
28901
4328
20716
37100
20718
12527
12531
37108
4341
12534
37111
12538
28922
12542
12544
37121
4354
37122
12547
28931
37124
20741
20743
12556
20748
28941
4366
12562
4377
4382
28959
37152
12577
4386
12580
4393
37162
4395
4396
20783
37167
4400
12592
28976
20786
28978
20787
37171
37174
37176
37177
20794
4411
20797
28989
12608
20800
12610
28994
12611
37187
4420
20806
4424
29000
4429
20813
37197
37199
4434
12627
4437
37205
4440
29016
37210
20830
37214
37218
20835
20837
12647
20839
4456
20848
37232
12662
29046
37238
4473
29050
4477
12670
12671
12673
20865
4486
37255
12680
20877
37261
12688
37266
12691
20883
4500
4503
20887
29079
4506
37275
29084
37276
4510
37278
4511
12712
37289
37290
20908
12719
20913
12724
4533
12727
20921
12733
4542
20931
4549
4550
12745
29131
4558
20942
4560
37328
20946
29138
37330
29139
37333
29142
37337
20954
29149
37341
29150
12768
12774
4583
12775
12776
37353
12779
12780
29164
29167
37364
20982
29175
37367
29176
4602
37370
29181
20990
4608
37376
4610
12802
20999
12809
37385
4618
12811
37387
29196
12813
21006
4623
29199
29200
4626
4629
21014
29206
12828
12830
29214
21030
37414
4648
12841
4650
21035
37419
12850
21042
37426
21043
12853
4662
12856
37433
37434
37436
4673
12865
37442
29252
37445
21064
21065
37451
12878
29266
37458
37460
29269
37461
21079
21084
37473
12905
37481
4714
21104
29297
29299
4724
37494
12921
12922
12924
29308
37500
12927
37505
37506
4739
12931
4741
12934
37511
29323
21132
29324
4749
21133
29328
12947
21139
4757
21141
4758
37528
4761
4764
29340
37532
29344
37537
4771
4772
12964
21157
12966
12967
29351
29355
21164
37549
12975
21168
37552
21169
29361
37558
12984
12986
21178
37563
21180
4797
4798
12990
21182
29377
12994
4803
29379
12997
13000
4809
37580
21197
13006
37583
4816
13010
21205
4829
29405
37598
13025
29409
21218
37603
4837
4839
37610
21228
29423
29425
4851
37619
4852
29433
4858
37629
21247
21249
29443
37637
4871
13065
13066
4876
37644
37645
37646
4879
4880
29456
37648
29457
29459
21270
37654
13079
21271
4888
29467
4894
21279
4896
37664
21283
29475
4901
21285
4904
37672
4907
13099
37675
4918
13110
29496
29497
29498
4925
4927
4931
21315
37701
13128
4937
29513
21325
21328
21329
21330
29522
13139
29523
21337
29529
29530
37724
13149
37725
29535
13153
21345
21346
29539
4964
21351
13165
21357
13166
4975
21360
37745
13170
21362
29554
21364
29557
21367
21368
13177
29561
21372
4989
21373
13182
29567
21377
4996
21381
4998
13190
21384
37768
21387
29580
21389
5006
29582
5010
21394
29587
13204
13205
29594
37788
37790
21409
13218
13219
13223
21417
37801
21418
29610
37802
37803
29613
21423
29616
21425
5042
29622
37814
21431
13241
29627
13244
5055
29632
37824
13249
21442
21445
29637
37829
37830
37831
37832
5065
5066
21451
5068
29644
29645
37837
29647
5074
29651
29652
21461
37845
37846
29656
21465
29660
29661
21472
37858
37859
13286
29670
5097
13289
13290
21482
21483
29675
37868
21486
29678
21487
29684
21493
29686
37879
37880
29689
21498
29690
37882
13309
37885
13311
29696
21505
5122
5123
13315
5124
5127
13319
21512
29704
5135
13327
21519
5136
37904
29713
21522
37911
21528
13337
21533
29726
29727
37919
29728
21537
5156
29732
37925
13351
29735
37927
5160
29736
29738
13359
5169
29749
29750
5177
37946
13372
5181
5183
5188
13381
29765
21574
5191
29767
13385
21577
21579
29771
13388
29772
29774
29775
37971
29780
13397
5209
13404
21597
5214
21599
37987
5221
5223
21607
29807
38000
21621
5238
13432
38010
13439
29825
5250
13443
5252
21643
29838
29840
29841
38033
5266
29842
13460
29846
29847
29848
21657
13467
38045
13471
5280
13477
13478
21670
29864
38057
13482
38058
13483
5294
13487
21680
38070
21687
29879
21688
38077
38078
13503
38080
5313
21699
5317
21701
29895
5321
13513
13514
5324
21708
29900
21710
13521
13524
38102
38103
5337
13529
21721
38110
5347
38116
21736
5353
13545
29929
5354
29930
29932
38124
21742
13551
38129
21746
38131
38132
29941
5366
5367
5374
38142
21759
29951
5376
21761
5378
21766
38150
13575
21772
38156
21774
29968
38161
21782
13591
21783
5401
38169
13595
29979
13596
38172
38174
21793
21794
29986
38178
29987
5412
13605
21797
13606
5417
13610
38187
21808
30000
38192
13617
21809
30002
21811
21812
30004
21814
5431
13625
38202
5436
13628
5437
21822
21823
30015
38207
21827
30019
5445
5446
5448
5449
13642
5451
5456
30032
30034
30036
13653
30037
13654
13657
30042
21851
5468
21853
13662
13667
13668
13670
5479
30057
30059
21872
5489
13681
30070
30071
5496
13690
21882
30074
30080
5505
5507
30083
5512
21896
21897
5515
21903
5520
21908
30108
5534
30110
13729
5539
30116
13733
5543
30119
5545
21929
13738
21930
5548
21932
13746
13748
21940
21943
13753
21949
30148
5573
21957
13766
13769
21964
5581
21965
21966
30158
5584
30160
30166
30169
13787
30171
21985
5604
30187
13804
21996
5613
30189
5614
21998
13807
30191
30193
5618
22002
30195
5620
13813
22005
13820
22012
5629
13821
13822
22014
5634
5635
13827
30213
13831
13833
13834
5644
13836
22033
5650
13842
30226
5657
13849
22041
13850
5659
22044
22049
22050
22051
22052
13862
22055
5672
5676
13868
13869
30253
13872
5682
13875
5688
30264
22075
13891
13892
5703
13897
5710
13902
30287
13907
22099
13908
5719
30295
30297
30299
13917
5726
30305
22114
30306
30307
5737
13929
30318
13940
13942
13944
5753
22137
5755
5756
5762
13954
5763
30339
22149
30341
5766
22150
22155
5775
5776
22160
5779
13972
5782
30360
5788
30366
30367
22177
5796
22180
5798
22188
22189
30382
30383
5808
14001
22193
5810
14002
30386
14003
30387
22197
5814
30390
14012
22205
5822
30399
14021
14022
5832
30408
30413
22223
5842
22226
22227
22229
30425
22235
22239
30433
5858
30435
5860
5861
30438
14055
5868
30444
22254
30446
22256
14066
5877
14073
22268
5885
22269
14079
5894
5896
30473
22282
30475
30477
5902
22288
5905
5909
30486
30491
5920
22304
14115
14117
14120
5929
14122
22315
30507
14124
14125
5938
5939
14134
14136
22328
30520
22332
22334
5952
14144
30528
14145
30532
5959
5960
5961
5962
5963
30541
5969
22354
5971
30547
5972
5974
22358
22362
22363
30556
30557
14174
5984
30560
14177
14185
22380
30572
14189
22381
22382
14197
30581
6006
30582
30583
6011
6013
14206
14207
6017
14211
22406
14221
6032
14224
14228
30613
14230
30615
6040
22424
22428
30622
22431
30626
6055
6057
22441
22442
6059
6067
6069
30645
30648
6073
6074
6075
6077
14271
22471
30663
6092
22476
30668
6094
30670
6096
14289
6098
14291
30686
22497
6114
22500
6118
6119
22505
14314
22506
30698
6125
14319
22511
14322
14323
22515
14324
14327
6136
6137
22522
14336
30720
6145
30723
14341
30727
30728
6153
14345
30730
30733
22544
30736
22553
6170
6174
22558
6175
14367
22560
30754
6181
14374
30758
22567
14377
6186
14382
6191
22575
30770
14388
30773
30775
30777
14394
30781
30782
14399
6210
14403
14404
22596
30788
30789
22598
6218
14413
14418
30802
6227
14421
6230
22614
30806
22615
14425
30810
6235
14428
6237
30818
22635
6252
30828
22637
6259
14456
6269
22657
30849
6275
14468
14469
22661
6281
6282
14474
14475
22667
6289
22673
30865
14483
22675
6294
14486
14490
30874
6304
22688
6306
14498
30883
30884
30885
14502
22694
30886
30888
14505
6314
14508
14514
6323
30900
22710
6327
6328
22712
22713
22719
14529
22725
30918
22727
6344
14541
6350
30926
30929
6354
6355
30932
6358
14550
14554
6366
14560
6372
14569
22762
6382
14574
22767
14579
6389
30965
6390
14591
22784
6404
6407
22791
14602
14603
6415
30994
14611
30995
6421
22806
22808
22809
22812
22814
22816
6441
22825
31017
22827
6444
14637
6448
31024
14642
22834
22836
14646
6455
6456
22840
14650
31037
6462
6463
22847
6465
22851
14660
31044
22854
31046
6471
22855
31047
14665
6475
14667
14668
22861
14673
6485
22869
31064
14681
6492
6497
6503
6506
6509
6511
22896
6513
6518
22903
6520
14712
22904
31097
31100
31102
22914
22915
22916
22918
6537
14729
14730
6539
14731
31116
14733
31117
22928
6546
31122
6549
14742
14744
31128
22937
22938
31130
14748
14757
6568
22952
14762
31146
22956
22957
31149
22964
6581
22965
31158
31159
22968
31161
14780
14781
31166
31167
22976
22977
14787
22981
22986
22987
14797
14803
14804
14806
31192
23001
23003
31195
6620
31198
31199
23010
23012
31204
31207
6632
23016
31208
31210
6635
14827
6636
14828
31220
23035
14844
14852
23045
31237
14854
14856
31240
6665
23049
14859
23052
23053
23056
31248
23062
6680
14875
23069
23072
14881
31266
23075
6693
6696
23081
6698
31280
14899
31285
6711
14903
6712
6714
14907
14911
6720
6723
31303
14920
23112
31306
23116
23118
31312
14929
14931
23125
6743
14935
23127
23131
31324
31327
31328
6753
23138
31330
31332
14951
23143
6760
14955
14956
6768
6770
23154
6774
6775
14968
23163
23168
6785
31363
23173
14983
31368
6794
31370
14992
6806
23191
15003
6812
15007
23199
31391
31392
6820
31396
15013
23206
23207
31399
6824
15020
23212
6829
15025
23221
31415
31416
23226
23230
15039
6849
15041
31426
6853
15046
31431
23241
23242
15052
23244
31436
15056
23248
23251
6868
15060
31445
15063
23257
23263
6880
23264
6884
23268
6885
15078
23271
6890
15083
15085
23286
31481
23292
31484
15107
6916
31493
6918
31497
23306
31499
15116
31500
6925
15117
6927
23311
31504
15122
6931
15125
15126
6935
6937
15129
23321
15132
23324
23325
31518
15137
15139
23333
31525
15148
31532
6957
15149
23346
23348
23351
31544
31547
6972
31548
6973
6979
31555
23364
6983
6986
6989
15181
23373
6990
15182
31566
6994
23378
23379
23381
7003
7005
15197
23390
15200
23392
23394
7011
7013
7017
15209
15210
23403
31595
23405
7022
7025
15220
7029
15222
7031
31608
31611
7036
7039
31616
7042
23428
7046
15243
15244
31628
31630
7058
23443
15253
15254
7064
7067
23451
15260
15261
31645
31646
23455
7074
7075
23459
7077
15272
7082
15277
7087
23471
31663
31664
15281
23473
7090
15284
7093
31669
7095
31674
15291
15293
15294
23487
15299
23491
31683
23492
31684
31685
15302
31686
23496
7114
15306
15307
15308
31694
7123
15316
7128
15321
31706
23515
7133
23517
15326
15331
15332
7141
31717
7143
31720
7145
23530
7147
31726
23537
31730
31731
23541
31733
7158
15350
7159
15351
31735
23544
23546
15355
31741
23551
31743
15360
31744
31745
23554
31746
15363
31747
31748
7175
31752
15369
31753
7185
15379
7196
15388
7198
31776
23585
15395
31779
7205
7206
7209
23594
31786
7211
15405
7214
15406
31791
31792
7217
15414
7223
23610
23611
23613
23614
31806
15424
7238
15430
23622
7239
23623
15432
7241
7242
31818
31819
7244
31820
15437
31821
15438
23630
23638
15449
31834
31836
31837
15457
15458
15463
7272
15471
31855
7284
15476
31861
7286
23671
31864
23675
15486
7300
15492
31879
7312
7314
15507
23700
31894
15512
23706
15522
23715
23717
31909
15527
31911
23721
15531
7341
31921
23730
31924
15542
31929
7355
7358
23743
31936
23748
23749
7366
15559
23752
7370
7375
15567
23759
23761
31953
31954
7380
31958
15575
31959
7389
7394
23779
7396
31975
15594
23788
23793
7410
23798
23800
7417
31994
31996
31998
15615
15616
7428
7430
23815
32009
7435
23821
32014
15634
23828
15637
32021
7447
15639
23831
15640
7449
7450
23834
15643
32033
15651
32036
7461
23846
23847
15656
7465
15657
23849
15660
32045
7473
23859
23861
7478
15673
32058
7483
15676
23875
7494
15686
23878
23881
15690
7499
7500
15692
32076
32077
7502
23886
15697
23892
15702
23894
23895
23896
7514
32092
32093
23903
32095
15712
15713
32103
23913
23917
15732
32117
15736
32120
32121
32122
23934
15744
32130
23940
32135
15752
7561
15753
23946
32140
23949
23950
32142
32144
7569
32147
7574
15768
7578
15770
7580
23964
7583
7584
7586
32164
23973
32166
15784
7593
23977
7595
7597
15792
15794
32179
7604
23988
7606
32182
23991
32183
15801
7612
32188
7614
32191
7616
32192
15810
32194
7621
15818
32203
32204
32208
24017
15828
15829
24021
32213
32215
7643
15835
24027
7644
15838
15839
7648
7649
15841
7650
15844
32228
7653
32229
7659
15851
24044
15856
15857
7667
32243
24053
7672
32248
32252
7677
32253
15870
32256
32257
24066
24069
15884
32268
24077
32269
7694
15887
24080
32274
7699
32276
15893
15896
32280
15901
7711
24096
15907
24099
32295
24105
7722
15914
7723
15915
24108
32301
7726
7727
15919
7730
15922
24117
7735
32311
15928
24124
24127
15938
24132
24133
7750
32326
32330
7756
15957
15959
24152
7770
15963
7773
24161
15972
24164
32357
7782
24166
24167
7784
24168
24170
24173
32367
15984
32369
15987
15988
32372
7797
15989
15990
32374
32375
15996
24189
32381
7807
15999
16001
24193
32390
7815
32391
16008
24200
7819
32396
16013
7822
32398
24208
32400
16018
32403
16021
32406
32407
16024
24220
16032
32416
7841
16035
24228
32421
16038
24238
7856
7857
32434
24245
32438
32439
32442
16059
24251
32444
7870
7871
7872
24260
7880
32456
32459
32461
24273
7890
16083
32469
7894
16089
24287
7906
32485
24294
16104
24296
16105
32490
7915
16108
16111
32496
32497
24306
7924
7927
16121
24317
24318
7935
16128
32512
16129
7938
16132
16134
24331
16141
32525
32526
7956
7957
32533
24342
32536
7961
16153
32538
7964
16159
32544
16162
24354
24356
16165
16167
24360
32554
16174
16178
24370
16179
7988
7989
24373
24376
16186
32570
16189
32573
7999
32576
16195
32582
8007
8009
8014
24398
16208
32592
8019
32597
32598
8025
16219
16222
8032
16229
16233
24427
16236
32620
16237
32627
8053
24438
24439
24440
16250
32636
24445
8062
24446
8064
16256
32642
16264
8074
8079
24464
16273
24467
8085
16277
32661
8087
32663
16281
32666
16283
32668
24477
8097
16291
32678
8103
16295
8106
32682
8107
16299
24492
8111
16304
16306
16307
24499
32693
16313
24509
8126
16321
8134
16328
16329
16330
24523
32715
32721
16339
16341
8151
8153
16346
8155
16347
32736
8164
32741
32742
8169
24553
16362
32746
32749
32751
16368
24560
8179
8182
8183
32760
24570
32762
24573
24574
11
432
49
130
211
387
276
189
221
477
286
303
