1889
4099
8196
5
8
8200
10
12299
4108
12300
12302
12303
12307
8216
12312
4121
8218
4123
8219
8223
12320
33
12321
8234
8244
53
4149
57
60
4156
4157
71
4179
8277
8278
4185
8283
94
97
8289
4196
4206
4212
4213
119
120
4219
8315
125
133
4229
4231
138
8330
139
8332
147
4243
4248
8344
4250
4251
4253
8349
4257
4260
168
170
178
180
4279
4280
4283
189
4288
4290
4292
4293
4295
8392
4297
8394
8397
207
4304
4306
212
8407
4318
223
224
8418
228
4326
4328
233
237
239
4335
8434
243
8436
245
4346
4347
4349
8446
4352
8448
8454
4360
270
4369
278
8471
8474
4384
289
8484
294
8488
8489
4397
4398
4402
313
314
315
316
4412
4415
4427
8524
4430
8526
8527
4432
337
4433
8530
344
347
350
351
8544
353
355
357
4453
360
4459
4462
370
4466
8565
8567
8576
4481
8578
4485
392
4491
8587
8588
8589
400
401
404
8596
409
4507
414
415
4511
4512
417
4513
4514
419
420
421
8615
4525
4530
436
8630
4543
448
8640
4545
450
8645
4550
457
4553
459
4556
4558
8654
4559
467
469
4566
473
474
478
4578
483
8676
4585
4587
4589
4590
8691
500
502
8694
503
4599
4600
4602
512
514
516
4612
520
521
8715
524
4620
526
8718
4623
528
4628
8725
8731
4636
4641
546
8740
4650
4651
8747
557
8751
563
4663
570
4668
4670
8767
576
577
8771
585
4681
8777
8780
4686
8782
591
8784
595
4696
602
4703
4704
8804
4711
4716
8815
624
625
628
8824
633
4732
637
4733
644
4741
8841
650
4746
652
8845
656
8848
4757
662
663
8860
669
671
673
674
4772
4773
8869
4776
682
4782
4786
692
4789
4791
4802
708
709
4808
713
8906
4811
716
8911
4816
8915
4820
725
4821
729
4827
735
4832
4836
741
4837
4841
4842
8938
747
748
749
752
4848
4849
8947
4853
8952
4857
4859
8955
8956
769
4865
771
773
8966
4872
4873
4875
4876
781
4877
8974
8975
8976
4882
4886
8985
4890
8987
8988
8992
8998
807
808
809
4905
818
820
9013
4919
4920
9018
9023
9024
4929
4933
4934
4936
9032
4939
854
855
4951
9049
858
9052
4958
865
866
4962
867
868
4967
872
4969
9069
4975
9074
9083
894
4990
9089
9090
4998
5001
9100
5005
5007
5011
5012
9108
919
9113
923
925
9117
5022
9119
9121
9124
933
5029
9125
935
9127
9128
5035
941
5040
9136
5042
5050
9146
955
5051
956
5052
5054
9150
5055
5056
5061
9163
972
5068
974
9169
978
5074
5075
9171
5076
981
5078
983
5083
9180
992
9184
9185
9190
1000
1002
1003
5099
9195
9196
9198
1007
1015
1016
9213
5118
5119
1025
5122
1032
5130
9226
1035
1037
5133
9233
9241
1053
9246
1055
9248
5154
1066
9260
9261
5166
1071
5170
9266
9268
5174
1080
5178
5182
9278
5183
1089
1095
9289
5194
9293
1102
9295
5200
1106
1107
9299
1112
9304
9305
9307
1116
9308
9311
5216
1122
5219
5220
1127
9327
5237
1143
9335
9337
5242
5243
5253
9353
1166
9358
5263
9359
5264
9361
1170
5267
9364
5269
1180
5282
9378
1188
5284
1193
5289
1199
9391
1204
5300
5301
5302
9398
5305
1210
5307
1212
5309
5310
9408
9413
1222
9416
9417
9419
1230
5327
5329
9427
5332
9431
9434
5340
9436
9437
5344
5350
9446
5351
9447
5356
5361
9457
9458
9459
1268
5365
9463
5369
1279
1281
1287
9479
5386
1292
5388
5390
9486
9487
5396
1301
1303
1304
9500
1309
5407
5408
1316
5412
9508
5414
5415
5416
5417
5418
1323
5420
9518
5425
5426
5428
5429
9529
5434
9532
1341
5440
1350
5446
5447
5452
5454
1361
5458
9557
1366
9558
9560
1371
9565
1375
9569
1380
9573
1387
5486
1396
5493
9589
1399
5496
9596
5503
9602
5509
5510
1416
9610
1426
1431
1432
5530
9626
9628
1440
5537
5538
1444
9639
9640
9645
1454
9646
5552
5553
1459
5559
9655
9657
5562
5563
5564
5565
9664
5569
1476
1477
5575
9684
5592
1500
5597
9697
5602
9698
5606
9702
9703
5609
9710
9712
9715
9716
1526
1527
9723
9726
5631
1536
5637
5638
9735
1546
9738
5643
5647
5648
9744
9745
1558
9754
5671
1576
9772
5677
5678
1584
5680
1586
5684
5689
9785
5690
1596
9788
5695
1602
1603
9795
1606
5703
1608
5708
9812
5717
5719
9820
9828
5733
1640
9834
5741
9838
5746
5750
9850
5757
9855
9857
5763
5764
1670
5768
9864
5769
9865
9869
5777
1684
9876
1689
5787
9883
1701
5801
1709
5805
9901
1710
9903
9904
5811
1721
9914
1724
1726
5823
5826
1735
9927
9928
5833
9929
5834
1742
9934
9936
1745
5841
1746
5842
5844
9945
1754
1756
9951
5856
5857
5859
5860
1768
5869
5871
9970
5877
9976
5881
5884
1790
9983
1793
9985
9986
1796
9990
5896
5899
1808
10009
10011
10012
10014
5919
10016
5924
1831
1834
1837
5934
10031
5936
5939
1844
10038
5945
1850
5946
1851
1853
10045
1855
5954
1859
10051
10054
5959
5962
1868
5969
5970
10066
1876
5973
5974
1879
5975
5976
1882
5982
5989
5991
1896
1902
10095
1904
1907
10100
6011
1916
10110
1922
6018
6021
10117
6022
6024
10121
1937
6033
10135
10137
1947
10140
10142
6047
6050
10153
10154
10157
10160
10162
6071
6078
10174
10176
6082
1987
6087
10185
1996
10189
10193
6098
10195
2004
10198
10202
2011
10206
6111
10207
6113
6118
6119
10215
2024
6123
10219
10222
6129
2034
6130
2039
10233
2044
2047
6144
2053
6150
6152
2059
10251
2060
6156
2066
6164
6165
10264
10265
2076
2079
6176
10274
2083
2086
6182
10282
6190
6196
6202
6204
6205
2110
10304
2113
10305
2114
10314
10316
2125
6221
10319
6224
6225
6226
6227
2132
2135
6231
2142
10339
2150
2151
10344
6251
2156
2160
6257
10356
6261
6266
2171
10365
6271
6272
10375
10376
10378
6284
2189
6288
2196
10388
6293
10389
2199
6296
10392
10400
2209
10402
2211
6307
6310
2219
6319
2224
10425
2235
6331
6332
2239
2242
6338
10434
6339
6346
2251
10444
2253
2255
10447
10448
2259
2261
6359
2265
10458
10461
2271
10463
6368
2275
2276
10468
10469
2283
2289
6387
10485
6391
10489
6394
10492
10495
6402
6403
2310
10502
10509
6414
2321
6418
10514
6420
2325
10517
10518
2330
10526
6434
6435
6437
2342
6438
6439
10535
2344
6440
2347
10540
2349
10546
2356
6453
2358
2359
6460
10557
2367
10562
2371
6470
10566
6471
6472
6473
2378
10570
2381
6478
6479
2387
10580
6485
10582
6487
6488
10584
2395
2397
10590
10598
6503
10599
2409
10603
2412
2417
2418
10614
10617
10619
2429
2430
2432
2434
6537
6539
10636
6547
2454
2455
6553
2459
6558
2464
10656
6561
10657
6564
10660
10662
6567
10669
2479
6575
6577
6579
10677
2486
10678
2487
10680
10686
10692
6602
10704
2513
6609
6610
10706
10708
10709
10712
6617
10714
6620
6624
2530
2537
2539
10731
6638
10735
2544
6640
6641
2549
10741
6646
2555
6652
10748
6655
6657
6662
6666
6669
2574
10767
2576
6672
10773
2582
10775
10777
2589
6690
10787
6694
6696
2601
2602
2604
10799
10804
10808
6716
6721
6723
6725
2630
2631
2634
6731
6733
10829
6734
6743
10841
10845
6751
10847
10849
2658
6756
2665
2667
6763
6764
10861
6766
10866
10867
2677
6773
10871
2685
10877
10878
6784
2689
10886
6793
10890
6795
6796
10892
10896
10897
10901
6810
10906
6812
2719
10912
6819
10915
10919
2728
10921
2730
6828
6829
10926
2736
6832
10929
6834
10930
6838
10936
10940
2762
2763
2764
10956
2765
2766
6864
10961
6866
2776
2784
10976
2785
6886
10982
10983
2796
10991
2800
6899
10996
10999
6906
11002
2816
11010
2820
11014
6920
11016
11018
2827
6925
11023
2832
11026
11027
6934
11030
11033
11036
2846
11038
11042
6949
11046
6954
11050
11051
6957
11054
2863
6959
2864
11057
2870
11062
6971
6972
11068
2879
2881
11074
2884
11076
6987
11085
2894
6990
11087
6993
11090
6995
6998
11098
7003
2909
2911
7008
11106
2919
7015
7020
7021
2927
2928
2938
7035
2945
2963
2968
2970
11163
2972
7069
11165
7071
11169
7074
7079
11175
11176
2989
7085
11181
7086
7087
11187
2996
11190
3000
7099
11196
3007
7107
7109
11205
11210
3019
3020
7118
3025
3026
7126
3038
3039
7137
7142
3047
7145
11243
3057
11249
7155
7157
7162
3067
3071
3073
7170
7173
7176
11275
11279
7184
3091
7190
7191
11288
11289
3101
7198
7199
11297
3109
3110
11302
11304
3116
11309
7214
11312
11313
3127
7223
3129
11321
7227
7230
7231
11328
3140
11334
3149
3155
7252
7255
3160
11352
11353
11356
7262
11358
3170
3172
7268
7269
3179
3181
3183
7284
7287
3197
11393
3203
7301
7302
3215
3217
7313
7318
3225
7321
3229
7325
11421
3230
11422
11424
7330
3238
3241
11433
3247
3248
7346
3251
7347
3254
7350
7355
11452
3262
7358
11456
3266
11458
3267
7367
11465
3275
11468
11483
3292
7388
3294
11488
3298
7394
11494
3308
3312
3313
7410
11506
3315
7411
11507
3317
11511
11514
11515
7422
11518
11522
3332
3336
11530
7435
7436
11532
7437
11534
11535
3345
11537
3346
11538
11540
11546
3362
3363
11555
11556
3367
7468
11567
3378
7475
3380
7479
3385
3387
7483
11579
3389
11581
7486
7490
7492
3405
7505
3410
7507
11603
3413
3415
7512
7513
3419
7517
11614
7519
11617
7523
7525
11621
3431
3432
3440
11635
3444
7540
7542
7543
11639
11641
3450
11646
3456
11648
11649
11650
3460
7557
11653
7562
3468
7566
11664
11667
7574
11671
3481
7578
3484
11676
7585
11682
3491
3492
3494
3496
3498
3502
11695
11698
3507
11699
7611
11709
3520
3521
3525
3526
7626
11722
7629
11727
7632
11729
3540
7636
7640
7645
11742
3552
3553
3555
7653
3561
7658
11754
7659
7660
11765
11767
3581
11774
11775
3584
11776
3585
11780
7685
3592
3601
7699
11798
11799
3613
7709
7711
7713
11813
11816
7722
3629
3632
11824
7731
11828
3637
3638
3646
3654
3656
3659
11855
7761
11858
3667
7763
11862
7767
3674
7771
11868
7780
11882
3693
3695
11888
3698
7795
11896
3705
11907
3718
7818
11916
11919
7827
11924
3734
11926
7832
11929
11932
7837
11933
7841
3746
7842
3747
11939
3748
3757
3763
3771
7867
7871
3780
11972
11975
3784
11978
11982
3793
3800
3803
7900
11996
11997
7904
7905
7907
12005
3815
3816
7914
12011
3820
3821
12013
7918
12016
12017
12018
7923
3830
12024
12026
3840
3843
7939
7940
3851
3852
7948
12045
3855
3859
3862
12058
12059
3869
3870
12062
7970
12070
7977
12073
12074
12078
7985
3890
3891
7987
12083
7988
3893
7990
7992
3897
3898
12095
12097
3908
12100
3913
8012
3918
12111
12114
3929
3930
12122
3932
8029
8033
8035
12132
12134
12135
8041
3947
8043
3949
12141
3950
3960
3963
3974
3977
3981
8079
8082
8086
3991
3992
8093
12190
8096
8099
12196
12197
12201
4010
12202
4011
12203
8111
12207
8112
8115
12213
4022
12214
12218
8125
4031
8130
12226
12227
8133
12231
4040
8136
4041
8137
4044
8141
12241
4054
8150
8155
4060
4062
12254
8163
8165
8166
8169
4074
8170
8175
12272
4081
8179
12278
8184
12283
12285
4094
8191
11
0
83
195
164
260
276
374
105
281
350
143
